5.001403671403534257e-02
7.208235965778225958e-03
7.213412678517086042e-03
1.773088283747660055e-03
1.772311674716244619e-03
5.259554852793796569e-04
5.243509922255915447e-04
1.737026032559408316e-04
1.728762474289415149e-04
6.279501025562647806e-05
6.222871530484034457e-05
5.012756838790838332e-02
5.015940399855160770e-02
1.362757396588782158e-02
1.362183060273854628e-02
4.155831083059884946e-03
4.143306950927286812e-03
1.383875405456006782e-03
1.377318856115876313e-03
5.016072383897094995e-04
4.970938778454849893e-04
1.974572223477860742e-04
5.090670787434887351e-02
5.093553100477168916e-02
5.087274690247399478e-02
1.968228517884739598e-02
1.959750997595996816e-02
7.233187697364670647e-03
7.193672023270407216e-03
2.773947010451283200e-03
2.744121773472528187e-03
1.136301467372344970e-03
1.105398720311680152e-03
5.504104030431598155e-02
5.450248277308723799e-02
5.390511250674766275e-02
5.342215003406616813e-02
2.668950737064629611e-02
2.649221617216825780e-02
1.207292804567887921e-02
1.189310205941223990e-02
5.489537023594341821e-03
5.280694133219646091e-03
2.539659473621796830e-03
7.192693419367790497e-02
6.842820873149518812e-02
6.597426869856294618e-02
6.444338869505956968e-02
6.372479734506665550e-02
4.105221461541795624e-02
4.011638641949716311e-02
2.294265445064087861e-02
2.165276239037082842e-02
1.193932679257666413e-02
1.083864121683762380e-02
1.246294423606651713e-01
1.153035831877373546e-01
1.103784192120216417e-01
1.088561334869281721e-01
1.084463332111204187e-01
1.047029606527056372e-01
8.018101803971397490e-02
7.397694923717626492e-02
4.975234669479515481e-02
4.401570996291927912e-02
2.751850019169484879e-02
2.487824521823315260e-01
2.421570464265333233e-01
2.437885004837750391e-01
2.465560856858417804e-01
2.362667382969961538e-01
2.173783950803523102e-01
1.980991005478200673e-01
1.611201655191631110e-01
1.417141613014186174e-01
1.043399478223593496e-01
8.865881028731135982e-02
4.644120663923688164e-01
4.830514783277907731e-01
4.965787054401013534e-01
4.780615135168146956e-01
4.384553549193787592e-01
4.013983363443586749e-01
3.594241108275303964e-01
3.217408635595964128e-01
2.719722793253944171e-01
2.376046879741701978e-01
1.869447195491967806e-01
7.262585112821344779e-01
7.528955040525382447e-01
7.239519268676948283e-01
6.594594906323831829e-01
6.096749185959702277e-01
5.587843549597810711e-01
5.136019815529441201e-01
4.681954022450394715e-01
4.256228035018620459e-01
3.752964459080519455e-01
3.344551776275708765e-01
9.138653941272145698e-01
8.650963216540755729e-01
7.683430573765406280e-01
7.089151435710649984e-01
6.622181229379222600e-01
6.219444975693193545e-01
5.862133258434024663e-01
5.513586970121945319e-01
5.173912547456795963e-01
4.827202173369454785e-01
4.429099473537209675e-01
9.138653941270725722e-01
7.750275837494740028e-01
7.011486306633332166e-01
6.638998753477743930e-01
6.304689143515010974e-01
6.075575303671407745e-01
5.839664044927325159e-01
5.642497334807885512e-01
5.426051956249963171e-01
5.218292496016736504e-01
4.985382704833298262e-01
7.262585112819857081e-01
6.253819564780279672e-01
6.051675331450999673e-01
5.799614616663736344e-01
5.690563888445607788e-01
5.548821212352256227e-01
5.462559823832106032e-01
5.349156533707417616e-01
5.259875680376067120e-01
5.144242049439763376e-01
5.034936911208285348e-01
4.644120663918870906e-01
4.919894851361715782e-01
4.890296092287311769e-01
4.943362202160966890e-01
4.920141001399614966e-01
4.936001827774109119e-01
4.910931715224599592e-01
4.907573540068705387e-01
4.874871898454999908e-01
4.853546549399008758e-01
4.806784007564181560e-01
2.487824521823536472e-01
3.468844623241724712e-01
3.812182338257955605e-01
4.016002287981574326e-01
4.164901431203771875e-01
4.253880499433143059e-01
4.335519278535354126e-01
4.380992790316646790e-01
4.427719719523785513e-01
4.448036655306357723e-01
4.470200044879737433e-01
1.246294423602613832e-01
2.054058031884543334e-01
2.769464437679089452e-01
3.122229631548405493e-01
3.394863590384842311e-01
3.585224732579403439e-01
3.730841628517647668e-01
3.849177095599557452e-01
3.937747081362352186e-01
4.015815780185851280e-01
4.071350067000813477e-01
7.192693419381600284e-02
1.112422739345891587e-01
1.742005739573412870e-01
2.299317176570955246e-01
2.640204724674892756e-01
2.927370287238624247e-01
3.135115423254979938e-01
3.308702597658109701e-01
3.447767854189587311e-01
3.562541783293551867e-01
3.660443117343772368e-01
5.504104030430836264e-02
6.833115929527742993e-02
1.005785181053916177e-01
1.508160925357122373e-01
1.959984743809808638e-01
2.280414325381857621e-01
2.561341735847766365e-01
2.774086198583046170e-01
2.959776766438818041e-01
3.109733926942210847e-01
3.239241627569937054e-01
5.090670787435077477e-02
5.423307768763593883e-02
6.535026934553420097e-02
9.179344576718950766e-02
1.325778910443043968e-01
1.701480325225283030e-01
1.997984100629887905e-01
2.263932608075310826e-01
2.473768409627500886e-01
2.660374307601579558e-01
2.811490336222019493e-01
5.012756838790247832e-02
5.076134058986871145e-02
5.240667542223628739e-02
6.171918756403537570e-02
8.351625223759642780e-02
1.170228765939157617e-01
1.486925727315899226e-01
1.755585750061812444e-01
1.996653356452639527e-01
2.188309511465948431e-01
2.357823528168334348e-01
5.001403671405552781e-02
4.291933242245110636e-02
4.344990537897062965e-02
4.482591863365944368e-02
5.257581732656955303e-02
7.046110906359154269e-02
9.725963440471281640e-02
1.218149460212425428e-01
1.420559482030958887e-01
1.597573275398251613e-01
1.735194678349067099e-01
9.499859632872179604e-01
9.927917640359322782e-01
9.927865873222094795e-01
9.982269117161449712e-01
9.982276883285515767e-01
9.994740445166689913e-01
9.994756490084366618e-01
9.998262973923125463e-01
9.998271237515825582e-01
9.999372049966308573e-01
9.498724316068990481e-01
9.498405960012560323e-01
9.863724260298735169e-01
9.863781693992774713e-01
9.958441689118785467e-01
9.958566930476198120e-01
9.986161245949014553e-01
9.986226811430450878e-01
9.994983927629923492e-01
9.995029061274277593e-01
9.490932921249444210e-01
9.490644689994588434e-01
9.491272530959696807e-01
9.803177148155851617e-01
9.804024900210042137e-01
9.927668123053767779e-01
9.928063279786440987e-01
9.972260529945765617e-01
9.972558782235432240e-01
9.988636985458215767e-01
9.449589596990838336e-01
9.454975172330833955e-01
9.460948874907522121e-01
9.465778499585250083e-01
9.733104926304405602e-01
9.735077838267293115e-01
9.879270719515637067e-01
9.881068979336536939e-01
9.945104629706895683e-01
9.947193058661149001e-01
9.280730658082662066e-01
9.315717912683083579e-01
9.340257312929409750e-01
9.355566113024204045e-01
9.362752026600044131e-01
9.589477853794735607e-01
9.598836135722599305e-01
9.770573455430783261e-01
9.783472376124857650e-01
9.880606731850977154e-01
8.753705576412791345e-01
8.846964168133080175e-01
8.896215807892137173e-01
8.911438665089989053e-01
8.915536667893514400e-01
8.952970393523852488e-01
9.198189819564728253e-01
9.260230507621117768e-01
9.502476532984506230e-01
9.559842900343479277e-01
7.512175478135265649e-01
7.578429535758403057e-01
7.562114995165134523e-01
7.534439143223207180e-01
7.637332617118931521e-01
7.826216049206038416e-01
8.019008994592788930e-01
8.388798344834563769e-01
8.582858387060429139e-01
8.956600521768647294e-01
5.355879336038555927e-01
5.169485216778927361e-01
5.034212945606523215e-01
5.219384864872780305e-01
5.615446450818039059e-01
5.986016636428791449e-01
6.405758891838440050e-01
6.782591364560452973e-01
7.280277206690187741e-01
7.623953120112541004e-01
2.737414887229840943e-01
2.471044959511734807e-01
2.760480731348243233e-01
3.405405093689734541e-01
3.903250813884734383e-01
4.412156450425310239e-01
4.863980184646327642e-01
5.318045977416465675e-01
5.743771964870952873e-01
6.247035541078372889e-01
8.613460587305404870e-02
1.349036783503543002e-01
2.316569426280625232e-01
2.910848564226424240e-01
3.377818770589069430e-01
3.780555024419612886e-01
4.137866741461191933e-01
4.486413029682947973e-01
4.826087452624855390e-01
5.172797826670451071e-01
8.613460587247179223e-02
2.249724162442666986e-01
2.988513693303425089e-01
3.361001246504619622e-01
3.695310856514256170e-01
3.924424696217814756e-01
4.160335954989568541e-01
4.357502665193882518e-01
4.573948043739432534e-01
4.781707503880055499e-01
2.737414887228700744e-01
3.746180435213195548e-01
3.948324668566126072e-01
4.200385383338375855e-01
4.309436111572677031e-01
4.451178787593391695e-01
4.537440176112383927e-01
4.650843466275060289e-01
4.740124319673817976e-01
4.855757950595802619e-01
5.355879336054565343e-01
5.080105148694972206e-01
5.109703907736184991e-01
5.056637797774101717e-01
5.079858998504237499e-01
5.063998172308409318e-01
5.089068284857143354e-01
5.092426459935205374e-01
5.125128101499187849e-01
5.146453450484043124e-01
7.512175478178896304e-01
6.531155376789834488e-01
6.187817661732538665e-01
5.983997711942866671e-01
5.835098568810255237e-01
5.746119500641627686e-01
5.664480721458290402e-01
5.619007209617001841e-01
5.572280280287115195e-01
5.551963344549428747e-01
8.753705576368073782e-01
7.945941968144465406e-01
7.230535562349132972e-01
6.877770368461944006e-01
6.605136409562250011e-01
6.414775267430149475e-01
6.269158371503834593e-01
6.150822904325752294e-01
6.062252918615212982e-01
5.984184219824945083e-01
9.280730658049732851e-01
8.887577260674235369e-01
8.257994260481140714e-01
7.700682823441633573e-01
7.359795275264916503e-01
7.072629712765786669e-01
6.864884576764012092e-01
6.691297402251775717e-01
6.552232145804983698e-01
6.437458216776190678e-01
9.449589596973673178e-01
9.316688407026813001e-01
8.994214818997040561e-01
8.491839074579616842e-01
8.040015256217450945e-01
7.719585674615370152e-01
7.438658264161654987e-01
7.225913801484498133e-01
7.040223233492168831e-01
6.890266073086563914e-01
9.490932921226652441e-01
9.457669223118423396e-01
9.346497306549419459e-01
9.082065542382357082e-01
8.674221089612725866e-01
8.298519674788972234e-01
8.002015899357265427e-01
7.736067391999235099e-01
7.526231590366950774e-01
7.339625692414339930e-01
9.498724316163321690e-01
9.492386594137209865e-01
9.475933245809359251e-01
9.382808124438039021e-01
9.164837477601704974e-01
8.829771234031768001e-01
8.513074272747024329e-01
8.244414249959854946e-01
8.003346643606885635e-01
7.811690488668744381e-01
9.499859632869102066e-01
9.570806675765067828e-01
9.565500946214272604e-01
9.551740813644892247e-01
9.474241826794419508e-01
9.295388909376383069e-01
9.027403655873837973e-01
8.781850539772209085e-01
8.579440518036843821e-01
8.402426724602884978e-01
0.000000000000000000e+00
0.000000000000000000e+00
0.000000000000000000e+00
0.000000000000000000e+00
0.000000000000000000e+00
0.000000000000000000e+00
0.000000000000000000e+00
0.000000000000000000e+00
0.000000000000000000e+00
0.000000000000000000e+00
0.000000000000000000e+00
0.000000000000000000e+00
0.000000000000000000e+00
0.000000000000000000e+00
0.000000000000000000e+00
0.000000000000000000e+00
0.000000000000000000e+00
0.000000000000000000e+00
0.000000000000000000e+00
0.000000000000000000e+00
0.000000000000000000e+00
0.000000000000000000e+00
0.000000000000000000e+00
0.000000000000000000e+00
0.000000000000000000e+00
0.000000000000000000e+00
0.000000000000000000e+00
0.000000000000000000e+00
0.000000000000000000e+00
0.000000000000000000e+00
0.000000000000000000e+00
0.000000000000000000e+00
0.000000000000000000e+00
0.000000000000000000e+00
0.000000000000000000e+00
0.000000000000000000e+00
0.000000000000000000e+00
0.000000000000000000e+00
0.000000000000000000e+00
0.000000000000000000e+00
0.000000000000000000e+00
0.000000000000000000e+00
0.000000000000000000e+00
0.000000000000000000e+00
0.000000000000000000e+00
0.000000000000000000e+00
0.000000000000000000e+00
0.000000000000000000e+00
0.000000000000000000e+00
0.000000000000000000e+00
0.000000000000000000e+00
0.000000000000000000e+00
0.000000000000000000e+00
0.000000000000000000e+00
0.000000000000000000e+00
0.000000000000000000e+00
0.000000000000000000e+00
0.000000000000000000e+00
0.000000000000000000e+00
0.000000000000000000e+00
0.000000000000000000e+00
0.000000000000000000e+00
0.000000000000000000e+00
0.000000000000000000e+00
0.000000000000000000e+00
0.000000000000000000e+00
0.000000000000000000e+00
0.000000000000000000e+00
0.000000000000000000e+00
0.000000000000000000e+00
0.000000000000000000e+00
0.000000000000000000e+00
0.000000000000000000e+00
0.000000000000000000e+00
0.000000000000000000e+00
0.000000000000000000e+00
0.000000000000000000e+00
0.000000000000000000e+00
0.000000000000000000e+00
0.000000000000000000e+00
0.000000000000000000e+00
0.000000000000000000e+00
0.000000000000000000e+00
0.000000000000000000e+00
0.000000000000000000e+00
0.000000000000000000e+00
0.000000000000000000e+00
0.000000000000000000e+00
0.000000000000000000e+00
0.000000000000000000e+00
0.000000000000000000e+00
0.000000000000000000e+00
0.000000000000000000e+00
0.000000000000000000e+00
0.000000000000000000e+00
0.000000000000000000e+00
0.000000000000000000e+00
0.000000000000000000e+00
0.000000000000000000e+00
0.000000000000000000e+00
0.000000000000000000e+00
0.000000000000000000e+00
0.000000000000000000e+00
0.000000000000000000e+00
0.000000000000000000e+00
0.000000000000000000e+00
0.000000000000000000e+00
0.000000000000000000e+00
0.000000000000000000e+00
0.000000000000000000e+00
0.000000000000000000e+00
0.000000000000000000e+00
0.000000000000000000e+00
0.000000000000000000e+00
0.000000000000000000e+00
0.000000000000000000e+00
0.000000000000000000e+00
0.000000000000000000e+00
0.000000000000000000e+00
0.000000000000000000e+00
0.000000000000000000e+00
0.000000000000000000e+00
0.000000000000000000e+00
0.000000000000000000e+00
0.000000000000000000e+00
0.000000000000000000e+00
0.000000000000000000e+00
0.000000000000000000e+00
0.000000000000000000e+00
0.000000000000000000e+00
0.000000000000000000e+00
0.000000000000000000e+00
0.000000000000000000e+00
0.000000000000000000e+00
0.000000000000000000e+00
0.000000000000000000e+00
0.000000000000000000e+00
0.000000000000000000e+00
0.000000000000000000e+00
0.000000000000000000e+00
0.000000000000000000e+00
0.000000000000000000e+00
0.000000000000000000e+00
0.000000000000000000e+00
0.000000000000000000e+00
0.000000000000000000e+00
0.000000000000000000e+00
0.000000000000000000e+00
0.000000000000000000e+00
0.000000000000000000e+00
0.000000000000000000e+00
0.000000000000000000e+00
0.000000000000000000e+00
0.000000000000000000e+00
0.000000000000000000e+00
0.000000000000000000e+00
0.000000000000000000e+00
0.000000000000000000e+00
0.000000000000000000e+00
0.000000000000000000e+00
0.000000000000000000e+00
0.000000000000000000e+00
0.000000000000000000e+00
0.000000000000000000e+00
0.000000000000000000e+00
0.000000000000000000e+00
0.000000000000000000e+00
0.000000000000000000e+00
0.000000000000000000e+00
0.000000000000000000e+00
0.000000000000000000e+00
0.000000000000000000e+00
0.000000000000000000e+00
0.000000000000000000e+00
0.000000000000000000e+00
0.000000000000000000e+00
0.000000000000000000e+00
0.000000000000000000e+00
0.000000000000000000e+00
0.000000000000000000e+00
0.000000000000000000e+00
0.000000000000000000e+00
0.000000000000000000e+00
0.000000000000000000e+00
0.000000000000000000e+00
0.000000000000000000e+00
0.000000000000000000e+00
0.000000000000000000e+00
0.000000000000000000e+00
0.000000000000000000e+00
0.000000000000000000e+00
0.000000000000000000e+00
0.000000000000000000e+00
0.000000000000000000e+00
0.000000000000000000e+00
0.000000000000000000e+00
0.000000000000000000e+00
0.000000000000000000e+00
0.000000000000000000e+00
0.000000000000000000e+00
0.000000000000000000e+00
0.000000000000000000e+00
0.000000000000000000e+00
0.000000000000000000e+00
0.000000000000000000e+00
0.000000000000000000e+00
0.000000000000000000e+00
0.000000000000000000e+00
0.000000000000000000e+00
0.000000000000000000e+00
0.000000000000000000e+00
0.000000000000000000e+00
0.000000000000000000e+00
0.000000000000000000e+00
0.000000000000000000e+00
0.000000000000000000e+00
0.000000000000000000e+00
0.000000000000000000e+00
0.000000000000000000e+00
0.000000000000000000e+00
