5.000659131433059928e-02
7.190816542295810736e-03
7.190158139532111005e-03
1.751518592652168095e-03
1.751188519530433091e-03
5.099269405357438611e-04
5.097809446049138618e-04
1.629458583820613731e-04
1.628818833914975135e-04
5.516103048164414823e-05
5.513334461171357745e-05
1.942371475103197114e-05
1.941182000016092009e-05
7.038658043461593568e-06
7.033574852950403711e-06
2.606989391263066769e-06
2.604831116851253114e-06
9.823665109282665508e-07
9.814530807687608490e-07
3.753791533589766543e-07
3.749922664684015560e-07
5.002148218069055186e-02
5.001695651534601023e-02
1.346809526203890731e-02
1.346560389513747243e-02
4.030686535654390973e-03
4.029541534712985026e-03
1.298509515286431571e-03
1.298001231604782894e-03
4.407057340215587071e-04
4.404847672678221865e-04
1.553173783574616574e-04
1.552222890369833383e-04
5.629975966816591501e-05
5.625911336790821889e-05
2.085463016939249881e-05
2.083737221827737320e-05
7.858770916797360389e-06
7.851457512083397333e-06
3.003011102815749184e-06
2.999891987481053846e-06
1.160792460481109139e-06
5.006579165470784187e-02
5.004687457363830166e-02
5.003626869503686320e-02
1.891985729897244575e-02
1.891384198031154443e-02
6.685256564162455131e-03
6.682342269629173992e-03
2.368271411941312576e-03
2.366971543705838430e-03
8.542283253255395729e-04
8.536658046602557236e-04
3.141366194507079208e-04
3.138959075020300278e-04
1.175255718243684792e-04
1.174230786098601751e-04
4.461551162150054195e-05
4.457200072427552456e-05
1.714672341365609795e-05
1.712826835162469701e-05
6.658898868979716867e-06
6.651065261284559687e-06
5.018934519869911598e-02
5.014170996787703505e-02
5.010043334642329954e-02
5.007500302777403295e-02
2.363992205081346873e-02
2.362628097463032040e-02
9.586030625269040262e-03
9.579536053550564631e-03
3.708220218145181959e-03
3.705328576277270615e-03
1.419895793425951253e-03
1.418646116392456623e-03
5.452241126522777747e-04
5.446903780981126241e-04
2.108097506446145620e-04
2.105827479497825237e-04
8.214242451584786292e-05
8.204602248585019777e-05
3.224704988280682012e-05
3.220609980803260992e-05
1.274678904824454154e-05
5.051206847534964184e-02
5.036684205690097893e-02
5.027023792923180495e-02
5.019318020351833803e-02
5.014242578132021427e-02
2.771999488144297197e-02
2.769300127711483983e-02
1.262638383541326084e-02
1.261333405846803632e-02
5.297563914135617821e-03
5.291688096353238009e-03
2.149275300131375886e-03
2.146722074813283820e-03
8.616134163514655711e-04
8.605202898707750960e-04
3.444809709380853928e-04
3.440153823234237121e-04
1.378935995858755130e-04
1.376953678078505442e-04
5.535344828322827712e-05
5.526875347915512015e-05
5.130134735690940195e-02
5.094015076894618105e-02
5.067394607265193057e-02
5.049078852599647033e-02
5.035219547188134886e-02
5.025762493713223367e-02
3.125418620093924765e-02
3.120417146908662648e-02
1.572262879970358004e-02
1.569810591239165568e-02
7.109352499844715303e-03
7.098141313220441423e-03
3.049335331494890371e-03
3.044414579525523117e-03
1.275432865998239870e-03
1.273313110670915233e-03
5.273380748974617390e-04
5.264298534795742567e-04
2.169603271434755948e-04
2.165697874426203656e-04
8.911967859402953175e-05
5.310778161172190204e-02
5.224027747707886415e-02
5.162050486005320682e-02
5.116855381475229197e-02
5.084984329454607377e-02
5.061342352439764103e-02
5.044803815915217121e-02
3.433743332515596519e-02
3.424967795451114294e-02
1.881415130505785863e-02
1.877034241931759342e-02
9.114399403383120768e-03
9.093985573550535800e-03
4.123390846391384278e-03
4.114302115699831897e-03
1.797996127644025830e-03
1.794030487143566648e-03
7.687117182900271139e-04
7.669827715450263641e-04
3.251756311149099827e-04
3.244118102910283205e-04
5.697429908134406945e-02
5.506851358236892341e-02
5.368577325532101346e-02
5.268329730713323944e-02
5.195069366736949912e-02
5.142456692412669672e-02
5.103641310272889059e-02
5.075965911172567596e-02
3.707314964165193266e-02
3.692493796844477372e-02
2.186687593115424835e-02
2.179144693876657046e-02
1.128745570326673657e-02
1.125153050417657466e-02
5.374174571863903245e-03
5.357798572319140418e-03
2.441282322090190804e-03
2.433913139884825300e-03
1.079329445725525248e-03
1.075973828651149468e-03
4.696677604710555406e-04
6.470767838907440228e-02
6.088043494557041080e-02
5.802146469905140186e-02
5.590599061871220216e-02
5.434545742799180845e-02
5.319409154121582106e-02
5.235351046543186559e-02
5.173182889141999391e-02
5.128150723612789202e-02
3.959465347992389972e-02
3.935071701563491731e-02
2.488959202890060271e-02
2.476284900742505707e-02
1.362384250718630049e-02
1.356132655337763740e-02
6.814666820585081261e-03
6.784652541613951995e-03
3.224240490753441536e-03
3.209768339552237885e-03
1.474904713691996315e-03
1.467760089273632785e-03
7.914619009670564864e-02
7.215834028233474029e-02
6.673046093926303379e-02
6.256284989462833346e-02
5.940640708045812068e-02
5.703156661539540012e-02
5.525462458289077949e-02
5.393659138327941416e-02
5.295556346264695957e-02
5.223578733631718124e-02
4.215256759438617412e-02
4.175646023376748672e-02
2.800750876746711457e-02
2.779243300348726090e-02
1.619766606924822813e-02
1.608278172842684400e-02
8.505783343595908069e-03
8.444593890574191020e-03
4.194642134086062728e-03
4.161776640984914295e-03
1.988106521395601942e-03
1.042767901443511364e-01
9.291150523218746904e-02
8.352571214291168444e-02
7.597175554810388365e-02
6.999644500868425212e-02
6.535386940389159571e-02
6.178771841774806373e-02
5.907921942960955158e-02
5.704333528979120549e-02
5.551532749583128201e-02
5.437287477477353859e-02
4.548479912295453481e-02
4.481418098205905420e-02
3.174754254858427188e-02
3.133840692789407328e-02
1.935865229325353654e-02
1.910703952878783918e-02
1.067667147024473941e-02
1.052444897525573603e-02
5.496416057260388767e-03
5.406754133161596927e-03
1.449820947265680893e-01
1.288807377751201022e-01
1.146107728317537905e-01
1.023480267752341771e-01
9.211679612561769759e-02
8.378081719421125173e-02
7.715286368058825450e-02
7.197626290863835818e-02
6.798193580382598522e-02
6.488719468198020368e-02
6.244340989912080392e-02
6.047672994833019899e-02
5.212880533645529446e-02
5.075060921662787744e-02
3.795166350032698477e-02
3.695565075118600884e-02
2.431611545324802517e-02
2.362319978070124074e-02
1.406790170835240696e-02
1.361726737719450714e-02
7.557119136659105202e-03
2.061942488034316789e-01
1.872355057536365663e-01
1.691746739275678257e-01
1.525932912925600238e-01
1.379113592091528728e-01
1.253907186754237568e-01
1.150439510560168355e-01
1.066495707849594438e-01
9.972238972661935652e-02
9.379392858084142914e-02
8.854979112695790522e-02
8.378411550319865564e-02
7.941183963423199821e-02
6.979162071743454099e-02
6.611075302606596316e-02
5.202335715874142202e-02
4.909932602494786885e-02
3.456441585400491651e-02
3.244186072496021284e-02
2.077756939058341204e-02
1.937772739247810641e-02
2.913706559291426301e-01
2.746928416601268075e-01
2.580727400498593616e-01
2.422397372144819150e-01
2.279208679963143913e-01
2.155535762290828328e-01
2.049592884605642706e-01
1.951898301235084066e-01
1.853162034535715541e-01
1.749726842213190914e-01
1.640900065182688550e-01
1.528450760801118580e-01
1.415090993110202922e-01
1.303697935406628872e-01
1.151012826626226088e-01
1.050780354099031255e-01
8.592633323757001285e-02
7.772372197331256505e-02
5.818313120641428055e-02
5.211066704606023836e-02
3.585203299146681039e-02
4.005100053500866841e-01
3.938208485151537541e-01
3.879771273346807603e-01
3.836064170599853274e-01
3.808858067389105373e-01
3.787509466535848857e-01
3.747049206399382659e-01
3.666994993722395013e-01
3.545152328041100143e-01
3.386015056733529538e-01
3.197380211077084922e-01
2.987996429917895713e-01
2.765516909812408830e-01
2.537358664967339639e-01
2.309488398705372147e-01
2.051306745813778754e-01
1.838853220052828197e-01
1.550120513813183776e-01
1.368038730654988211e-01
1.078036115810081658e-01
9.357189500719026443e-02
5.283141281265733014e-01
5.382372720046808556e-01
5.510798329146738839e-01
5.660865883178686220e-01
5.802689970049265122e-01
5.886451684832305631e-01
5.879279702433968247e-01
5.788585874486008587e-01
5.631639363811459242e-01
5.423878828811319330e-01
5.178956974369773869e-01
4.905791416109007708e-01
4.612215826522563233e-01
4.303605013044944361e-01
3.985514669592172821e-01
3.662479028116854551e-01
3.313612347124160196e-01
2.994596302425661660e-01
2.609765223483583862e-01
2.313619642762602957e-01
1.913688584626417610e-01
6.633708225656274049e-01
6.897816085618226900e-01
7.179735261613360287e-01
7.428574175747615360e-01
7.573672134887425855e-01
7.581499414546912785e-01
7.484797342999769398e-01
7.324354505066293930e-01
7.123238163808607304e-01
6.897291381555773482e-01
6.652983642559461286e-01
6.394251676464007828e-01
6.121781931166300206e-01
5.836087651974292134e-01
5.536774036618802297e-01
5.224255584487296211e-01
4.899038464280358052e-01
4.546618431368736335e-01
4.200609253167442159e-01
3.793869851972793694e-01
3.439283534274314436e-01
7.891462009657125298e-01
8.213546838235211700e-01
8.465297232687140072e-01
8.565678876248907780e-01
8.493363205286408313e-01
8.316926328561070614e-01
8.104547914957975774e-01
7.881710609898987530e-01
7.661569819188106534e-01
7.446618156409311462e-01
7.236727532216301606e-01
7.029517344576607929e-01
6.822205559836808098e-01
6.611536581546177960e-01
6.394366112227596322e-01
6.167534646124929187e-01
5.928288599877515885e-01
5.674158550140030455e-01
5.394777708027134189e-01
5.105362454497094360e-01
4.763381116887395184e-01
8.870185484454545799e-01
9.064123761627188580e-01
9.067266120139050312e-01
8.874574780747249703e-01
8.590232107346814638e-01
8.307125780423931793e-01
8.045884289350483387e-01
7.811248263717007756e-01
7.600797634800380287e-01
7.410392799529941232e-01
7.236000565544677965e-01
7.073499836466400348e-01
6.919371836347917304e-01
6.770083135197521029e-01
6.622473287924079965e-01
6.473298015884771939e-01
6.319468433302048993e-01
6.157813849111365423e-01
5.985240272420103702e-01
5.794639972137592965e-01
5.590612283367771829e-01
9.407122410184546313e-01
9.305318744781857498e-01
8.990291517473626426e-01
8.597623120613890890e-01
8.245945128727807383e-01
7.948131975138995609e-01
7.695774978151047607e-01
7.481037947251842901e-01
7.295361231522438095e-01
7.133077216891887673e-01
6.988833883402610914e-01
6.858965735175325262e-01
6.739939137867626551e-01
6.629133461878357059e-01
6.523882650235093283e-01
6.421984866850382057e-01
6.321075235428750272e-01
6.218967998892223070e-01
6.113242960200422349e-01
6.001474118575133021e-01
5.879190730987584601e-01
9.407122413570522257e-01
8.971989245845525263e-01
8.467113407954679483e-01
8.046948305733114815e-01
7.718497371404836604e-01
7.453303073955541702e-01
7.236764156645810742e-01
7.055367632277738110e-01
6.901492468056814600e-01
6.768464473027967498e-01
6.652180522314349309e-01
6.548901369383856030e-01
6.456163324939395709e-01
6.371579557627252699e-01
6.293451649025602057e-01
6.220014771770101536e-01
6.149876283676244393e-01
6.081490054353407837e-01
6.013475303890020163e-01
5.944231532131343254e-01
5.872163655815659800e-01
8.870185479481078605e-01
8.234460670476436706e-01
7.736255226063840640e-01
7.383874409900484936e-01
7.115289474901570488e-01
6.905062673905866255e-01
6.734391822663877702e-01
6.593233729396872356e-01
6.473810042684852162e-01
6.371466331143825768e-01
6.282305242662287181e-01
6.203848416046249259e-01
6.133852453669205174e-01
6.070825380534980997e-01
6.013304517130078075e-01
5.960262805733130831e-01
5.910606991781657271e-01
5.863501291821798800e-01
5.817985388994675322e-01
5.773232435276711705e-01
5.728244428238093988e-01
7.891462011183629777e-01
7.290346897511962299e-01
6.924440826337966426e-01
6.670604046096528794e-01
6.481321619848986471e-01
6.333513445483426318e-01
6.214340223254314344e-01
6.115728920238611144e-01
6.032639803996864281e-01
5.961386129923551547e-01
5.899554138582334684e-01
5.845163002251276829e-01
5.796890636904392657e-01
5.753535504354140295e-01
5.714284948296569633e-01
5.678323215228324727e-01
5.645082412949421480e-01
5.613933674442803667e-01
5.584409731073816108e-01
5.555945211739957701e-01
5.528070905462807438e-01
6.633708219847425092e-01
6.276787267205595766e-01
6.079143536857984920e-01
5.938872067642263497e-01
5.835025972347812617e-01
5.753257733046766020e-01
5.687251067626358791e-01
5.632428064439169990e-01
5.586106909888945982e-01
5.546325518498136375e-01
5.511705504509331055e-01
5.481256174420567895e-01
5.454169710603797849e-01
5.429884453782682918e-01
5.407873584109074150e-01
5.387781703331747662e-01
5.369226542740430652e-01
5.351950350849482563e-01
5.335638673652950414e-01
5.320068365351596773e-01
5.304937764737180927e-01
5.283141279595964246e-01
5.256435008543286491e-01
5.227192586316571354e-01
5.205596533666310144e-01
5.187140788091785248e-01
5.172135738395475801e-01
5.159211441583952951e-01
5.148201427394535346e-01
5.138547525973697905e-01
5.130075753061582589e-01
5.122522128278902409e-01
5.115744228650774827e-01
5.109604898088031533e-01
5.103986731178538072e-01
5.098811388973867320e-01
5.093976371101919254e-01
5.089428328071169405e-01
5.085069778669677465e-01
5.080851474770574638e-01
5.076670029200043288e-01
5.072465464685876890e-01
4.005100047269406494e-01
4.258640844761122923e-01
4.391632529225249493e-01
4.481345380532306133e-01
4.546087925202027535e-01
4.595445108211205221e-01
4.634559306166750603e-01
4.666313362679158638e-01
4.692727429056994248e-01
4.715012832006678090e-01
4.734119266911826496e-01
4.750661445186796228e-01
4.765137020963593484e-01
4.777898697658582994e-01
4.789224184460094680e-01
4.799332973923752799e-01
4.808383469871430616e-01
4.816517820274917594e-01
4.823822618536536266e-01
4.830387629885517509e-01
4.836250033910342583e-01
2.913706555458375758e-01
3.320109590837077573e-01
3.590332161582969750e-01
3.777697881457355855e-01
3.918682489717918438e-01
4.028405493150677419e-01
4.116815275335161117e-01
4.189650763291332680e-01
4.250822811360361886e-01
4.302995607854587790e-01
4.348048639529849546e-01
4.387387572608510977e-01
4.422040730489439908e-01
4.452817014961075182e-01
4.480332789943649585e-01
4.505082179588289493e-01
4.527460047193002657e-01
4.547780182570934082e-01
4.566307361299434819e-01
4.583244527436381444e-01
4.598772111254302852e-01
2.061942482342199456e-01
2.491181903367602479e-01
2.842368575472184467e-01
3.107609045714270768e-01
3.312635984651045584e-01
3.476346237369800640e-01
3.609811434174647893e-01
3.720994062397960378e-01
3.815034220640722840e-01
3.895717830419901384e-01
3.965729066665421021e-01
4.027091437649865657e-01
4.081338677114777491e-01
4.129653895537775399e-01
4.172974366160658310e-01
4.212041247175534187e-01
4.247456642892581957e-01
4.279710518324037483e-01
4.309203934664621038e-01
4.336274313060912711e-01
4.361195329756339389e-01
1.449820942810642332e-01
1.815886578888413760e-01
2.175652975102015940e-01
2.485375550583869553e-01
2.737932249626158776e-01
2.945419458592094530e-01
3.118041358142347175e-01
3.263513806331996836e-01
3.387758695982659440e-01
3.495028147016874254e-01
3.588610830536548835e-01
3.670960963611407668e-01
3.744005728796773735e-01
3.809245142139409679e-01
3.867875899523501304e-01
3.920861434751554131e-01
3.968983405451799173e-01
4.012885908218804532e-01
4.053101701752544472e-01
4.090074961850021507e-01
4.124181844153654297e-01
1.042767897202593469e-01
1.312192229927994502e-01
1.621430825044146429e-01
1.929951310378815454e-01
2.206447613045422473e-01
2.443781596399157707e-01
2.646872201424924076e-01
2.821162604791250250e-01
2.971819012758081802e-01
3.103092371808171546e-01
3.218351136578023186e-01
3.320309270425337300e-01
3.411102289723957348e-01
3.492459763806092243e-01
3.565770221329272460e-01
3.632169479489398833e-01
3.692590340769756896e-01
3.747804722168024960e-01
3.798458540347708356e-01
3.845093616156015637e-01
3.888168683592572172e-01
7.914618961172609213e-02
9.682318980304085998e-02
1.198883178480255052e-01
1.464048309968190575e-01
1.732814780701100732e-01
1.981631293025549745e-01
2.203302822398369998e-01
2.398816236092633780e-01
2.570798803086615791e-01
2.722529143910700777e-01
2.856963906287273702e-01
2.976683873258196833e-01
3.083857876107340412e-01
3.180285517136775542e-01
3.267465167921315139e-01
3.346639745376530639e-01
3.418847448189817340e-01
3.484959780550090369e-01
3.545709762296470058e-01
3.601720974284225441e-01
3.653522730952223907e-01
6.470767810453872948e-02
7.524293565355372193e-02
9.052427783884392509e-02
1.104377713725964438e-01
1.334318596567575788e-01
1.571082199552178149e-01
1.796249999492205707e-01
2.002698868323754822e-01
2.189214459013005820e-01
2.356662216679991095e-01
2.506933511626129873e-01
2.641994184268069423e-01
2.763753580117736530e-01
2.873898215995804306e-01
2.973906161858376751e-01
3.065043062102902338e-01
3.148395174785280637e-01
3.224887466701539807e-01
3.295314676064063364e-01
3.360354849846509118e-01
3.420594894389594742e-01
5.697429862234525133e-02
6.274519978492083816e-02
7.189632634102735564e-02
8.516497097134760608e-02
1.024728034646152364e-01
1.225836922457570616e-01
1.436110333164749564e-01
1.640714534700515592e-01
1.832733904606496655e-01
2.009720506189806022e-01
2.171393723450060209e-01
2.318626695666422544e-01
2.452624457020250448e-01
2.574735950720106192e-01
2.686232853585655556e-01
2.788299020476464052e-01
2.881980138369867328e-01
2.968206830400310081e-01
3.047786730685387857e-01
3.121431118553055217e-01
3.189754681751092447e-01
5.310778146251195209e-02
5.603483939747156556e-02
6.105178791428873819e-02
6.901734730337612256e-02
8.057952640331508820e-02
9.570269345027948571e-02
1.134079599219924572e-01
1.321952501959619553e-01
1.508441820467035233e-01
1.686940645749772649e-01
1.854330772747924960e-01
2.009567630907062863e-01
2.152777428692266848e-01
2.284576133562011835e-01
2.405850055651842234e-01
2.517517717815839773e-01
2.620499988600506480e-01
2.715640430475820821e-01
2.803720759143603081e-01
2.885432616045847110e-01
2.961401501846148143e-01
5.130134694469627721e-02
5.268245523424482102e-02
5.522299616175579962e-02
5.958832346897548204e-02
6.653373610278585926e-02
7.663798234546394250e-02
8.990723076413831283e-02
1.055740038318787460e-01
1.224351185427948879e-01
1.394721316279279311e-01
1.560614678867865146e-01
1.718583089677837017e-01
1.867066590160059159e-01
2.005644923109504429e-01
2.134473183855208345e-01
2.254057579147760171e-01
2.365015655798844707e-01
2.468034908565172880e-01
2.563773962060320599e-01
2.652873126698847006e-01
2.735910500275157142e-01
5.051206841783552337e-02
5.112002546297109845e-02
5.231534181326530364e-02
5.452101128990575335e-02
5.832198661997366196e-02
6.438119276365149302e-02
7.323174325010702035e-02
8.491120984127911719e-02
9.882847709134270908e-02
1.140108977541823831e-01
1.296015345269902197e-01
1.450169972227171589e-01
1.599006209984942806e-01
1.740615840714771212e-01
1.874179681394281816e-01
1.999486252718297441e-01
2.116726323795001530e-01
2.226255501797167469e-01
2.328550491799963318e-01
2.424097489140726036e-01
2.513401162199754846e-01
5.018934484715796562e-02
5.043945175362803818e-02
5.096389466508817467e-02
5.199842038453925813e-02
5.388335137911284128e-02
5.719455486597745802e-02
6.247835734873034841e-02
7.024452412916390442e-02
8.054833101953315366e-02
9.294722604121356813e-02
1.066491356551804298e-01
1.209302567256970856e-01
1.352480664479829564e-01
1.492468109337027615e-01
1.627117270878666866e-01
1.755308179154982939e-01
1.876522816096347357e-01
1.990678386205320949e-01
2.097894681094363556e-01
2.198455803640370632e-01
2.292690142141437515e-01
5.006579164173124985e-02
5.016205419187039910e-02
5.037709757942194361e-02
5.064316176545394926e-02
5.153830165424910792e-02
5.312615455819711535e-02
5.601096584755550084e-02
6.061527996635503873e-02
6.743658895833383460e-02
7.653803932716389535e-02
8.759980681821434578e-02
9.997208663841555820e-02
1.130403839201986615e-01
1.262999779321411498e-01
1.394000899617149625e-01
1.521067963324199135e-01
1.642832387811690997e-01
1.758517664198526176e-01
1.867816106586399350e-01
1.970661398559493405e-01
2.067193718500799915e-01
5.002148190378088999e-02
5.005616984112935125e-02
4.898994085858768277e-02
4.917456102113310773e-02
4.925720242983559760e-02
5.003037278727361786e-02
5.136826962738313268e-02
5.387603502012432849e-02
5.787986126601220305e-02
6.385359150418089269e-02
7.186229437361858763e-02
8.167247913817458904e-02
9.273830155917155149e-02
1.045222010344909191e-01
1.165475806171631795e-01
1.284698652682732534e-01
1.400479813436067145e-01
1.511358705122557156e-01
1.616477343935643629e-01
1.715470144047865075e-01
1.808238093924318113e-01
5.000659132260842216e-02
4.283049099939857662e-02
4.285954114183141567e-02
4.196619303953803837e-02
4.212093952278361114e-02
4.219020038829220803e-02
4.283793724559228910e-02
4.395772428338708127e-02
4.605304624326662238e-02
4.938860012321111964e-02
5.434291310482623066e-02
6.094293722906822530e-02
6.896202187662232863e-02
7.792086657914498726e-02
8.736009157455779106e-02
9.688538071235147653e-02
1.062219418604428423e-01
1.151869445469934083e-01
1.236781172390417488e-01
1.316430212462646188e-01
1.390679955833219461e-01
9.499923944712722612e-01
9.928086072707725807e-01
9.928095153805822637e-01
9.982482958203822143e-01
9.982487073908236086e-01
9.994900147520796585e-01
9.994901870044564651e-01
9.998370365348363542e-01
9.998371087945620017e-01
9.999448344333574656e-01
9.999448647853805827e-01
9.999805755391076856e-01
9.999805879642083006e-01
9.999929612178203309e-01
9.999929662778083150e-01
9.999973930680683409e-01
9.999973951125770144e-01
9.999990176918449603e-01
9.999990185134223220e-01
9.999996245832863950e-01
9.499877965393500601e-01
9.499882010451112802e-01
9.865347093348448837e-01
9.865359201966685809e-01
9.959701343972602317e-01
9.959709029577838990e-01
9.987017293887038294e-01
9.987021274877379007e-01
9.995593613915221276e-01
9.995595491990895143e-01
9.998446985169056056e-01
9.998447845847924231e-01
9.999437026647309823e-01
9.999437416173230231e-01
9.999791455270760077e-01
9.999791625746016210e-01
9.999921412277711363e-01
9.999921485713315628e-01
9.999969969627489075e-01
9.999970001485127824e-01
9.498936245259251843e-01
9.499315925490555701e-01
9.499524058368806756e-01
9.810742818639872631e-01
9.810831481830177836e-01
9.933132017835664129e-01
9.933168741250003597e-01
9.976313301851553739e-01
9.976328304344096454e-01
9.991456750270534259e-01
9.991462901127735607e-01
9.996858443480666212e-01
9.996860968496884547e-01
9.998824720403162170e-01
9.998825763413097256e-01
9.999553844739009767e-01
9.999554281533353794e-01
9.999828533068865211e-01
9.999828718508461112e-01
9.999933411462957888e-01
9.499216828703491711e-01
9.499142388040188179e-01
9.499274816002938326e-01
9.499387710778878224e-01
9.763667334364315442e-01
9.763769189945992188e-01
9.904154803353182324e-01
9.904211767423688473e-01
9.962921053093095614e-01
9.962948171981794721e-01
9.985801638174831574e-01
9.985813766806205249e-01
9.994547827120846550e-01
9.994553111802391143e-01
9.997891902529150165e-01
9.997894169720963342e-01
9.999178574203291259e-01
9.999179540714694392e-01
9.999677531451849344e-01
9.999677942146956156e-01
9.492737744582425696e-01
9.495313250942049033e-01
9.496819361741528631e-01
9.497846430028789033e-01
9.498474884064085355e-01
9.722755043780195727e-01
9.723050373522349465e-01
9.873727688944005099e-01
9.873863170662857680e-01
9.947022924447647130e-01
9.947082593754471569e-01
9.978507049344848001e-01
9.978532724744409999e-01
9.991383844565905337e-01
9.991394792184531415e-01
9.996555186680375904e-01
9.996559846268595617e-01
9.998621065156159116e-01
9.998623048485115739e-01
9.999446468422057421e-01
9.490065213166869462e-01
9.491973146433135833e-01
9.493864406544121337e-01
9.495352277196413837e-01
9.496587785207959431e-01
9.497468778797252265e-01
9.687475915116589009e-01
9.687965176188837457e-01
9.842776150313564676e-01
9.843019839766588008e-01
9.928906724916471971e-01
9.929018681175696415e-01
9.969506652703078453e-01
9.969555861190102508e-01
9.987245667050186348e-01
9.987266868417186139e-01
9.994726616686966381e-01
9.994735701432114761e-01
9.997830396586750989e-01
9.997834302990517008e-01
9.465504980928051149e-01
9.476172298840908059e-01
9.483214062242344422e-01
9.488083526671899914e-01
9.491412452987005866e-01
9.493832415633752797e-01
9.495507721022068415e-01
9.656621536135089334e-01
9.657501966097985502e-01
9.811858011788754386e-01
9.812296493653737128e-01
9.908855931088497160e-01
9.909060150433115499e-01
9.958766071982000367e-01
9.958856984271340362e-01
9.982020033225634803e-01
9.982059698559127003e-01
9.992312882195719670e-01
9.992330174649131092e-01
9.996748245665998400e-01
9.433250160068458179e-01
9.450474278610716539e-01
9.463578487997970079e-01
9.473325758724158163e-01
9.480548939066479885e-01
9.485773047513694767e-01
9.489641827044638100e-01
9.492405135598158683e-01
9.629268928545201556e-01
9.630750763971597239e-01
9.781331177019784162e-01
9.782085550989778611e-01
9.887125387514664743e-01
9.887484704673871194e-01
9.946258231611665446e-01
9.946422020723491020e-01
9.975587172272929459e-01
9.975660874757203977e-01
9.989206709040944210e-01
9.989240267125961692e-01
9.350823429009788024e-01
9.390445395731313871e-01
9.419526761246326263e-01
9.440854865929133588e-01
9.456518339882855617e-01
9.468051293742877350e-01
9.476462700771115522e-01
9.482681224259834618e-01
9.487184750591121096e-01
9.604053412638909881e-01
9.606492851158813240e-01
9.751104005159775268e-01
9.752371533806805104e-01
9.863761517678623081e-01
9.864386749275529942e-01
9.931853309685153564e-01
9.932153487932371405e-01
9.967757595213738719e-01
9.967902328633004849e-01
9.985250961870363318e-01
9.209730499326089781e-01
9.278806240365748970e-01
9.332817738329510782e-01
9.374407396788234648e-01
9.405946189056101359e-01
9.429686691081130556e-01
9.447454555592884606e-01
9.460634191391730230e-01
9.470444447008481426e-01
9.477642074507360848e-01
9.578474303697479542e-01
9.582435402744681197e-01
9.719924842463825154e-01
9.722075686566519215e-01
9.838023288562371960e-01
9.839172201255029782e-01
9.914942155495921616e-01
9.915554082969461058e-01
9.958053592798717935e-01
9.958382256045268388e-01
8.956685432062408969e-01
9.070721946267136238e-01
9.164695748707410994e-01
9.240270340034476559e-01
9.300032356186259674e-01
9.346460858815286432e-01
9.382122381123296773e-01
9.409207966127371980e-01
9.429566616458078254e-01
9.444846806863348432e-01
9.456271204371767825e-01
9.545152009585539110e-01
9.551858200853844405e-01
9.682524519728906709e-01
9.686615960663214064e-01
9.806413431499668709e-01
9.808929637695557036e-01
9.893233282387423611e-01
9.894755546458768869e-01
9.945035867384309780e-01
8.550380457931638922e-01
8.711246112172537082e-01
8.853906093078423023e-01
8.976522619803973813e-01
9.078832676053378847e-01
9.162191697079948849e-01
9.228471533551678707e-01
9.280237297987988798e-01
9.320180835158734522e-01
9.351128150222266511e-01
9.375565980209571437e-01
9.395232750775120989e-01
9.478711945008669870e-01
9.492493972361246701e-01
9.620483326601161345e-01
9.630443570709644741e-01
9.756838843391818505e-01
9.763768098189020694e-01
9.859321049876142995e-01
9.863827434704945940e-01
7.937998500137292135e-01
8.127630765106994559e-01
8.308250081894621442e-01
8.474066275598186593e-01
8.620886351717574891e-01
8.746092668628250300e-01
8.849560525780666431e-01
8.933504394093549905e-01
9.002776124960427673e-01
9.062060943703307281e-01
9.114502251063052451e-01
9.162158993441515964e-01
9.205881710050973776e-01
9.302083840703608830e-01
9.338892570233929824e-01
9.479766401279818844e-01
9.509006849055473554e-01
9.654355819051582133e-01
9.675581511118717115e-01
9.792224346398822332e-01
7.086307112381741158e-01
7.253075621681209784e-01
7.419273000400046225e-01
7.577603428251871165e-01
7.720791118059955327e-01
7.844464863954835332e-01
7.950407010598233848e-01
8.048102087337999366e-01
8.146837976061979125e-01
8.250273495117649292e-01
8.359100148159417376e-01
8.471549565816977045e-01
8.584909135053462315e-01
8.696302273192253462e-01
8.848987179973138995e-01
8.949219843556116549e-01
9.140736590582496657e-01
9.222762981436335439e-01
9.418168618245915669e-01
9.478893553132299310e-01
5.994897446975619992e-01
6.061790594608746918e-01
6.120229486611591385e-01
6.163935760890778548e-01
6.191143098472284834e-01
6.212490478260868088e-01
6.252952037174013267e-01
6.333004799119330563e-01
6.454848552950012142e-01
6.613984628272999711e-01
6.802620263982258608e-01
7.012003445001976365e-01
7.234483409965659639e-01
7.462641295839254063e-01
7.690511780104237749e-01
7.948693199833677392e-01
8.161146919960231561e-01
8.449879353541893678e-01
8.631961413343882672e-01
8.921963701920436751e-01
4.716859020092967758e-01
4.617628065523426417e-01
4.489201913281278822e-01
4.339134347291443983e-01
4.197310128880209490e-01
4.113549006494576221e-01
4.120720184728657864e-01
4.211414468121635335e-01
4.368360317613801391e-01
4.576121121146221049e-01
4.821042459346715492e-01
5.094208471957190065e-01
5.387783871898926824e-01
5.696394888848727023e-01
6.014485039702509583e-01
6.337520710194055606e-01
6.686387257255167471e-01
7.005403400933278846e-01
7.390234230783649938e-01
7.686379984594514658e-01
3.366291729909716701e-01
3.102183854441313282e-01
2.820265150751212757e-01
2.571426229750367609e-01
2.426327334753015652e-01
2.418500523522474077e-01
2.515202228142418006e-01
2.675645354357594208e-01
2.876761332181859143e-01
3.102708537805596301e-01
3.347015856444310877e-01
3.605748045932479218e-01
3.878217668673516472e-01
4.163912140141257656e-01
4.463225645041859480e-01
4.775744148435990821e-01
5.100961074925053351e-01
5.453381117631923569e-01
5.799390165773826711e-01
6.206129473429606858e-01
2.108537979042058030e-01
1.786453142022713936e-01
1.534702710058573338e-01
1.434321068349058981e-01
1.506636826739368162e-01
1.683072686544034580e-01
1.895451900741065843e-01
2.118288922085411197e-01
2.338430157363225181e-01
2.553381702914320761e-01
2.763272656694501506e-01
2.970482345547265091e-01
3.177794424077708957e-01
3.388463119690836023e-01
3.605634231343358698e-01
3.832465093293169756e-01
4.071711753532399891e-01
4.325841015319599192e-01
4.605222670082528835e-01
4.894636990582731939e-01
1.129814482673394405e-01
9.358762823153951582e-02
9.327337013821106193e-02
1.125424928556272713e-01
1.409767652846231900e-01
1.692874198887473203e-01
1.954115145234370243e-01
2.188751810721986102e-01
2.399202173865232768e-01
2.589607334169000130e-01
2.763999583435696183e-01
2.926500467198901445e-01
3.080628198836147247e-01
3.229917057434573691e-01
3.377526720816850236e-01
3.526702646616871051e-01
3.680531615372089060e-01
3.842187080459283921e-01
4.014759747807033485e-01
4.205361326303670988e-01
5.928775728130256800e-02
6.946810247728761600e-02
1.009708254974825692e-01
1.402376625467849081e-01
1.754054667130920675e-01
2.051868027134973738e-01
2.304225066068396888e-01
2.518961876236747721e-01
2.704638973257351142e-01
2.866922561698027061e-01
3.011166329094165928e-01
3.141034441911436659e-01
3.260061110154933717e-01
3.370866727468146973e-01
3.476117153900900592e-01
3.578015445140972917e-01
3.678925121965274103e-01
3.781032213131059749e-01
3.886757375827912808e-01
3.998526431440513895e-01
5.928775609810051778e-02
1.028010709369637371e-01
1.532886386934411149e-01
1.953051539204718745e-01
2.281502563356229973e-01
2.546696918767490381e-01
2.763235825238666843e-01
2.944632385047448730e-01
3.098507459744458958e-01
3.231535712805086447e-01
3.347819286179228859e-01
3.451098871530115519e-01
3.543836786143363393e-01
3.628420700306204671e-01
3.706548557852508696e-01
3.779984837624941751e-01
3.850124123481626914e-01
3.918509879237154769e-01
3.986524817952088462e-01
4.055767985305032686e-01
1.129814504716639689e-01
1.765539217723937071e-01
2.263744686190056477e-01
2.616125541565759716e-01
2.884710562229627073e-01
3.094937361353087280e-01
3.265608251497602588e-01
3.406766190770251779e-01
3.526189849495416362e-01
3.628533691995607380e-01
3.717694793171765211e-01
3.796151462119635722e-01
3.866147779292515296e-01
3.929174650575015804e-01
3.986695922738067721e-01
4.039737287253948872e-01
4.089392633381784270e-01
4.136499259002912043e-01
4.182014555185886717e-01
4.226767110324495813e-01
2.108537975324414893e-01
2.709652997136582919e-01
3.075559080954827218e-01
3.329395908860979802e-01
3.518678335026387272e-01
3.666486588918839162e-01
3.785659805091989294e-01
3.884271177872477554e-01
3.967360112379755832e-01
4.038613765363410213e-01
4.100445888939101002e-01
4.154836934322461151e-01
4.203109300013900818e-01
4.246464644208874928e-01
4.285715061060912934e-01
4.321677347626711185e-01
4.354917627469627184e-01
4.386066165322603516e-01
4.415590993888365845e-01
4.444055045493144895e-01
3.366291774061952458e-01
3.723212704642664406e-01
3.920856446679302776e-01
4.061127923620500568e-01
4.164974039844266951e-01
4.246742260587277329e-01
4.312748981707771878e-01
4.367571980113643670e-01
4.413893194441623757e-01
4.453674395423448673e-01
4.488294408779484601e-01
4.518743821192545695e-01
4.545830144444836796e-01
4.570115509759435368e-01
4.592126403303654070e-01
4.612218294829128484e-01
4.630774036676890693e-01
4.648049610990894753e-01
4.664361423514963301e-01
4.679932789932287340e-01
4.716858718797912742e-01
4.743564989860300507e-01
4.772807412158695528e-01
4.794403478466540691e-01
4.812859232041435953e-01
4.827864284873870648e-01
4.840788570768598809e-01
4.851798613580831088e-01
4.861452512281461136e-01
4.869924337779975021e-01
4.877477797542956184e-01
4.884255720629153696e-01
4.890395065645022910e-01
4.896013095122507819e-01
4.901188559057730321e-01
4.906023443677093865e-01
4.910571649812374151e-01
4.914930748392805082e-01
4.919148461188189714e-01
4.923330254347406121e-01
5.994899958178027122e-01
5.741359153823887285e-01
5.608367499027462344e-01
5.518654648201500867e-01
5.453912116711998603e-01
5.404554935424257245e-01
5.365440721492958920e-01
5.333686665004777616e-01
5.307272611357483072e-01
5.284987220514858475e-01
5.265880826211057908e-01
5.249338523252670141e-01
5.234862972936119574e-01
5.222101265161640526e-01
5.210775665476092833e-01
5.200666955599124730e-01
5.191616232269395947e-01
5.183482112754822513e-01
5.176177698435289187e-01
5.169612195069990257e-01
7.086293453354285399e-01
6.679890476837605506e-01
6.409667893705791597e-01
6.222302192042281632e-01
6.081317572329444365e-01
5.971594578014826071e-01
5.883184789585754748e-01
5.810349271813645133e-01
5.749177224422072907e-01
5.697004418705998718e-01
5.651951398809250682e-01
5.612612493889912457e-01
5.577959246178515462e-01
5.547183003126204826e-01
5.519667159790884181e-01
5.494917699886453510e-01
5.472539826601926505e-01
5.452219338458660358e-01
5.433692477404800103e-01
5.416755618666433403e-01
7.938057530183785238e-01
7.508818128018094340e-01
7.157631490872959912e-01
6.892391012841638798e-01
6.687364090947847117e-01
6.523653830535973697e-01
6.390188653635606730e-01
6.279006012125210034e-01
6.184965822874617380e-01
6.104282213386273970e-01
6.034270966444023054e-01
5.972908615123774245e-01
5.918661394523608843e-01
5.870346114666729065e-01
5.827025672358683295e-01
5.787958714304446417e-01
5.752543272653990458e-01
5.720289357081713710e-01
5.690795597065584355e-01
5.663725492563552733e-01
8.550179070746292131e-01
8.184113452503285480e-01
7.824347078333967476e-01
7.514624521023478554e-01
7.262067819525794832e-01
7.054580621867287960e-01
6.881958716092373418e-01
6.736486291739374188e-01
6.612241384496551078e-01
6.504971905703145207e-01
6.411389220953090939e-01
6.329039063694663625e-01
6.255994310742573061e-01
6.190754898616961377e-01
6.132124099812725770e-01
6.079138598563044171e-01
6.031016542348663911e-01
5.987114048177166747e-01
5.946898085589278349e-01
5.909924355961683196e-01
8.957232116525573051e-01
8.687807787834068707e-01
8.378569194921167140e-01
8.070048724663994033e-01
7.793552428165453350e-01
7.556218451016190052e-01
7.353127858055522603e-01
7.178837464580237748e-01
7.028181094063229439e-01
6.896907712275334168e-01
6.781648925228995761e-01
6.679690779611262563e-01
6.588897740387430479e-01
6.507540275317625911e-01
6.434229818860252026e-01
6.367830531623818180e-01
6.307409696888742756e-01
6.252195230465676934e-01
6.201541427146132213e-01
6.154906203579902924e-01
9.208538118837615860e-01
9.031768089010607792e-01
8.801116824103609737e-01
8.535951695453664057e-01
8.267185242524631716e-01
8.018368731358033186e-01
7.796697211806440375e-01
7.601183799280063491e-01
7.429201249235940496e-01
7.277470946896114068e-01
7.143036164097170682e-01
7.023316181410811376e-01
6.916142164208005649e-01
6.819714496936898351e-01
6.732534850080159616e-01
6.653360272254631447e-01
6.581152557494839295e-01
6.515040264314584384e-01
6.454290199241674575e-01
6.398279071525324602e-01
9.352923229946393802e-01
9.247570643398853596e-01
9.094757193477641666e-01
8.895622270341555504e-01
8.665681384419150479e-01
8.428917798377604242e-01
8.203749993749086533e-01
7.997301136656952414e-01
7.810785545434866251e-01
7.643337826421280345e-01
7.493066570711105490e-01
7.358005879692032236e-01
7.236246472746118430e-01
7.126101815126414385e-01
7.026093848575558631e-01
6.934956954465055778e-01
6.851604844370696723e-01
6.775112544379269242e-01
6.704685368151827030e-01
6.639645093880164328e-01
9.430257027588866414e-01
9.372547976284816285e-01
9.281036706471322839e-01
9.148350239677478513e-01
8.975271932163491062e-01
8.774163045150698004e-01
8.563889653995887530e-01
8.359285445298862971e-01
8.167266082149565731e-01
7.990279461881879541e-01
7.828606281097665320e-01
7.681373344721805774e-01
7.547375580973730846e-01
7.425264089859778815e-01
7.313767177602408243e-01
7.211700988488110031e-01
7.118019878186491178e-01
7.031793181716481378e-01
6.952213286728677888e-01
6.878568934730754370e-01
9.468922191601117921e-01
9.439651602833925015e-01
9.389482086065360500e-01
9.309826488720114313e-01
9.194204679413785497e-01
9.042973021172470149e-01
8.865920351916455333e-01
8.678047463321439947e-01
8.491558133132504071e-01
8.313059316405519983e-01
8.145669176896731534e-01
7.990432367400518432e-01
7.847222595136079670e-01
7.715423895395793208e-01
7.594149979032380759e-01
7.482482304821463925e-01
7.379500019927753840e-01
7.284359582184098958e-01
7.196279256516895373e-01
7.114567401676926695e-01
9.486986541233477510e-01
9.473175438015635219e-01
9.447770016834150519e-01
9.404116717312065443e-01
9.334662588784897741e-01
9.233620112646098166e-01
9.100927642735086032e-01
8.944259908348678456e-01
8.775648771560405903e-01
8.605278625922331281e-01
8.439385262038903157e-01
8.281416827314392881e-01
8.132933381911993109e-01
7.994355085396934735e-01
7.865526842725986123e-01
7.745942462047535892e-01
7.634984378204555666e-01
7.531965107369882340e-01
7.436226054223238346e-01
7.347126885134341867e-01
9.494879319402187434e-01
9.488799744098569411e-01
9.476846564942975615e-01
9.454789861849312027e-01
9.416780086322724674e-01
9.356188022445877106e-01
9.267682503372860481e-01
9.150887846455638686e-01
9.011715166440521507e-01
8.859890967579968635e-01
8.703984583746903203e-01
8.549829956721626267e-01
8.400993708440023244e-01
8.259384129722956436e-01
8.125820313081247859e-01
8.000513766509437241e-01
7.883273711074463286e-01
7.773744525277477280e-01
7.671449520456818938e-01
7.575902522537403261e-01
9.498106559957205652e-01
9.495605485608679119e-01
9.490361050575731872e-01
9.480015777777952568e-01
9.461166458486804931e-01
9.428054404548932288e-01
9.375216374179071721e-01
9.297554694448982859e-01
9.194516630900668730e-01
9.070527674086702463e-01
8.933508582139442211e-01
8.790697354913747930e-01
8.647519252572317683e-01
8.507531786407785956e-01
8.372882683531706061e-01
8.244691801553558630e-01
8.123477195847814691e-01
8.009321645378139065e-01
7.902105351876197448e-01
7.801544213880571288e-01
9.499342085001626357e-01
9.498379458483880988e-01
9.496229019527033799e-01
9.493568372451376414e-01
9.484616960842405797e-01
9.468738423711657859e-01
9.439890294507560231e-01
9.393847148736105268e-01
9.325634046949560219e-01
9.234619544869453467e-01
9.124001864018121966e-01
9.000279072023504856e-01
8.869596085878853620e-01
8.737000145697836340e-01
8.605999020893820850e-01
8.478932003144131757e-01
8.357167599046575468e-01
8.241482349995424839e-01
8.132183921207779553e-01
8.029338626473067064e-01
9.499785186920225444e-01
9.499438306868991377e-01
9.510100596149257957e-01
9.508254388641748100e-01
9.507427969059333295e-01
9.499696254461195144e-01
9.486317279198049901e-01
9.461239611325975574e-01
9.421201351816936853e-01
9.361464052390641166e-01
9.281377041771857739e-01
9.183275206701350113e-01
9.072616985775042719e-01
8.954777980303358920e-01
8.834524158941068350e-01
8.715301289039292243e-01
8.599520137376753803e-01
8.488641242047147983e-01
8.383522629004298565e-01
8.284529835362538508e-01
9.499934087774177804e-01
9.571695093432015522e-01
9.571404590300625070e-01
9.580338071195533267e-01
9.578790600848837711e-01
9.578097988276180752e-01
9.571620613325665383e-01
9.560422739639157230e-01
9.539469516260127291e-01
9.506113985780560993e-01
9.456570864671074439e-01
9.390570639465309899e-01
9.310379805490340832e-01
9.220791355848994009e-01
9.126399089946775067e-01
9.031146174969160167e-01
8.937780541960874681e-01
8.848130524053681167e-01
8.763218794990463856e-01
8.683569776949475738e-01
4.288623903046623765e-08
2.479293857534204969e-08
1.402196210537502054e-08
7.906576416448716331e-09
4.435254428431083273e-09
2.478195709336493719e-09
1.373431552614452970e-09
7.497675106234765913e-10
3.979284591634458339e-10
2.015939144690379768e-10
9.516289130600203159e-11
4.049943974551157946e-11
1.470691748292714834e-11
3.989133584574638644e-12
3.716719116895884387e-13
-4.036331434007061893e-13
-3.334682791879461787e-13
-1.615066418080247505e-13
-6.076668603406638991e-14
-1.746008806990772580e-14
-2.583233000877139393e-15
-3.705542171474762087e-07
-2.052855908160433976e-07
-1.134244354298098624e-07
-6.139206417282224185e-08
-3.312398335678425729e-08
-1.771912814193081511e-08
-9.406366296446942578e-09
-4.908562241960398929e-09
-2.487743295768190878e-09
-1.202031891381610182e-09
-5.414297872034774590e-10
-2.206439236159909555e-10
-7.783831388826739821e-11
-2.178350168697654855e-11
-3.632857219989124375e-12
4.578911354597998441e-13
6.010172675638024395e-13
2.240014802547241616e-13
4.631592046973196020e-14
4.452445319142426998e-15
-4.620024017397079940e-18
1.528779044395023432e-06
8.055605566917100013e-07
4.221269350419456351e-07
2.203960392451083256e-07
1.127474940599390051e-07
5.739917245749648929e-08
2.878708358288564484e-08
1.420334175904469766e-08
6.788265892414363049e-09
3.093603457057464880e-09
1.312949205924456406e-09
5.053282506873935119e-10
1.701843386817005170e-10
4.746259367540177927e-11
9.686850933717712815e-12
8.757365509745771801e-13
-2.084768992324044260e-13
-7.063104683119759219e-14
-2.477623742718076587e-15
1.274109573758837461e-17
3.750116253766327143e-21
-3.923399843173242755e-06
-1.969964349044040571e-06
-9.753207530668241295e-07
-4.780673856506067303e-07
-2.327546888348317306e-07
-1.106581085627225057e-07
-5.205169699571003739e-08
-2.385561312021227681e-08
-1.061872652931074746e-08
-4.493426023479023134e-09
-1.772674742449434680e-09
-6.323883776491431302e-10
-1.975433757590477749e-10
-5.183862599400628859e-11
-1.068629480947729347e-11
-1.474149388936077414e-12
-7.901779042298114085e-14
4.948067469369737626e-15
-1.613898042776547492e-17
-9.469960809845370015e-21
1.465792752472970712e-24
7.334383561066596703e-06
3.386943386130442405e-06
1.569503345368679272e-06
7.179816299511611501e-07
3.232874788914469496e-07
1.436832597540638981e-07
6.185340581275397861e-08
2.607632820668268308e-08
1.054651751911101060e-08
4.073626302779769176e-09
1.459353973633809844e-09
4.715361564066803352e-10
1.311362281419336912e-10
3.011245196024684373e-11
5.406717285898737729e-12
6.679344551637663620e-13
4.167816032787896161e-14
2.572295243183081932e-17
1.098325988887196510e-20
-2.512227457292462536e-24
-2.968613983801627431e-27
-9.697514786230270953e-06
-4.311261287975529100e-06
-1.865094552798563898e-06
-7.905210932957318739e-07
-3.276205931962277804e-07
-1.321946963560914955e-07
-5.204225715484196672e-08
-1.955316980377732455e-08
-7.075507162990065871e-09
-2.400602488183361128e-09
-7.596047208355829874e-10
-2.143621837757206697e-10
-5.077747508852557454e-11
-9.226058135209255473e-12
-1.192834140749300593e-12
-8.196189801497198445e-14
5.724374024175800970e-17
-1.782381174348382818e-20
1.384894157025917420e-24
9.405824011767486054e-27
3.491406286355703200e-31
1.030146995241129106e-05
4.231531252528236350e-06
1.695852008648674467e-06
6.614273242813866163e-07
2.500929704675178883e-07
9.124984176179788006e-08
3.186258465320085110e-08
1.064933489801254553e-08
3.307329302904308656e-09
9.570304122739192135e-10
2.495727739889257667e-10
5.885341547057061308e-11
1.123962376219387398e-11
1.412651384647345920e-12
9.434546613697573032e-14
-1.202110312218494953e-16
-4.933322556706225270e-20
-2.866302763638470578e-24
-1.332644425814406959e-26
-1.855010585764070864e-31
1.723634868761468717e-33
-8.438086535264349361e-06
-3.249971188718945789e-06
-1.202146831441658272e-06
-4.288957898180039702e-07
-1.469037170264851938e-07
-4.793317056303323350e-08
-1.478663781176450580e-08
-4.253965794067098599e-09
-1.137748862708937318e-09
-2.661656742916256728e-10
-5.259713583828774676e-11
-8.889277651553072919e-12
-1.326620450815442274e-12
-8.344622281988133837e-14
1.388266062387126324e-16
1.012095391993059567e-19
-2.378878147784430633e-23
2.066747749151203042e-26
-6.958379267922196542e-31
-6.040028088256456109e-33
-1.022273006625409831e-36
5.787357363705078993e-06
1.999438936909591063e-06
6.750327794385774599e-07
2.182383057710085835e-07
6.703494130709353090e-08
1.937756692621749526e-08
5.178397011664265000e-09
1.263427454186313169e-09
2.813557616793252063e-10
5.630410709636188966e-11
7.672787445192065405e-12
5.440580585461333170e-13
6.335062829791047156e-14
-1.231513352912792182e-16
-1.154275651805114923e-19
4.722720115866440147e-23
3.192783370890951016e-26
7.982046003832392782e-31
9.080389561633417860e-33
-3.219687064477871169e-36
-6.973658253716201364e-40
-3.025834512957915217e-06
-9.809297829166413072e-07
-3.012275282326602414e-07
-8.733185769951698614e-08
-2.375275993577321452e-08
-6.022200569126831457e-09
-1.383420213450665062e-09
-2.674029105010332895e-10
-4.438695122609969291e-11
-8.110083930627641666e-12
-1.101650212673771318e-12
1.200597283906825114e-14
8.204236454265867029e-17
1.004933385129309013e-19
-5.430181473209517468e-23
-6.792716383097820330e-26
-7.022433163797121711e-30
-1.376435584234663877e-32
1.121369299294876375e-35
2.266876008056295108e-39
9.473360017842934310e-43
1.305017695152170870e-06
3.852629921415734551e-07
1.069420034308368797e-07
2.746840519310782028e-08
6.439085882793721653e-09
1.400666410588071666e-09
2.877570057786314112e-10
4.543806974426936939e-11
2.710533982300246585e-12
2.168345441557315287e-13
1.224762758674668121e-13
3.315068041900769230e-17
-6.770772093770697262e-20
4.743912893193439678e-23
7.599818357235824694e-26
1.291814627533957924e-29
-1.631146861988089818e-32
-1.515563479870899287e-35
-3.197645203792936745e-39
8.256504759610474026e-42
5.359421974025825612e-47
-4.415989039329907786e-07
-1.187624655078387434e-07
-2.985810234837079544e-08
-6.821914018638037390e-09
-1.319571889067765968e-09
-2.113152012680066888e-10
-4.018446802526235882e-11
-8.642553580140746771e-12
-3.010289810253211033e-13
1.235235278361765956e-13
2.045541515208624746e-16
-2.388451945918868611e-20
-3.519632067556701577e-23
-6.464104312176873466e-26
-1.434463227225607951e-29
3.496916847113521509e-32
3.329149787489892020e-35
4.761337298674515609e-39
-2.339161248388451321e-41
5.310207709495140097e-47
-6.135365768452213071e-49
1.154188189659940637e-07
2.758955028164965139e-08
6.210573004048689806e-09
1.334121620567117840e-09
2.324424096794431198e-10
1.631383536471082440e-11
-9.938307573560120187e-13
9.637439828537763510e-13
1.609844889174021536e-13
2.091617024230824821e-16
-1.519723570907072422e-19
-5.754943012193381261e-24
3.720498408031706271e-26
1.184612626057835665e-29
-3.780274236208687752e-32
-5.633269639658698352e-35
6.995707326292733596e-39
3.217554262160486341e-41
-3.401821001065265054e-46
-1.505155408606571114e-47
2.487584103590528473e-52
-2.271439943468612396e-08
-4.543784215338592796e-09
-8.076328545809174542e-10
-1.653972645087016425e-10
-4.113739697473627181e-11
-4.250816222257160468e-12
1.066632046277466556e-12
9.806203641112512243e-14
2.418096842245979850e-16
-1.417868367291020569e-19
-5.613080475720477068e-23
1.917950726899004631e-26
-8.620866234829468057e-30
2.958517608166264059e-32
5.804084198658437579e-35
-1.357544944036415374e-38
-4.390033465411250803e-41
5.595722717574573604e-46
3.813446545384706539e-47
2.118927889728752969e-51
2.916031157720566766e-55
3.345583398868815818e-09
5.572359903515076661e-10
4.831941244132291030e-11
-1.479296404234835671e-12
2.608558912968038140e-12
1.219735035828475962e-12
2.413686735833258250e-14
1.190373628794819715e-16
-1.290302189205745859e-19
-3.900638049473683242e-23
7.022625213401855996e-26
-3.169438374532287324e-31
-1.227895745897948190e-32
-3.879867813471962720e-35
1.217849104980255948e-38
5.880937805149254041e-41
-1.268779780257732435e-45
-4.766101612988082028e-47
-4.716975383590023769e-51
1.171735179129289403e-53
-2.883590030951507389e-58
-3.326559610173527043e-10
-6.158852061180152447e-11
-6.207098193929648487e-12
1.655328904420341260e-12
4.694293292224611365e-13
-2.204618629534203518e-14
2.741337798058399227e-17
-4.394980216335303310e-20
-2.528698118887994448e-23
3.837470102396209799e-26
-5.059514563409413943e-30
-4.973718622370855404e-33
2.057695677314559515e-35
-6.270395816737302951e-39
-4.186564303551365671e-41
1.434323473426455991e-45
3.378813014122251163e-47
4.610803411551812530e-51
-2.203980382256568796e-53
5.468199283477443278e-58
-7.068155938568852696e-62
1.189222282343659634e-11
2.841573941439956001e-12
9.430540713124577433e-13
8.897600078673520021e-14
-1.436666395328479384e-14
-7.233839070259416012e-18
-5.161454091305096803e-21
-4.795363916530061752e-24
1.498290940253384054e-26
-1.568587646770498895e-30
-7.746044481369340592e-33
-1.564378592847590856e-36
1.516219037294374657e-39
1.701759861483580017e-41
-8.119747705551864951e-46
-2.501978347010122463e-47
-3.075749848374133124e-51
1.634858830270886314e-53
-3.859293830398214171e-58
-1.782034435633632965e-60
2.095585279854865513e-64
1.722874610729359966e-13
1.237047916466809020e-13
2.661140967032531985e-16
-3.104746639174202681e-15
-2.942066314587036589e-18
8.397702447555108898e-22
-4.601902233867075345e-25
2.793380050999610901e-27
-5.842009170708831247e-31
-2.500342659912612412e-33
2.565128068632120470e-36
2.695228942030745674e-40
-6.040592896749695092e-42
3.089282321047731023e-46
1.177325838270578686e-47
2.209365683133544220e-51
-7.261762524801027441e-54
2.873348427642972901e-58
2.116673847795407504e-60
-4.078273139503381657e-63
-4.839848851552561853e-68
2.026862592104115727e-14
1.096057225830086394e-15
-1.523926621915045155e-16
-4.240720944610772344e-19
4.118913238228114975e-22
1.528748559594408355e-25
2.564580698250127333e-28
-8.025306342322823626e-32
-7.589587405326942086e-34
3.860624281029901626e-37
3.916026529179382642e-40
1.074048272754272668e-42
-1.021568755603472609e-46
-4.462497335376939277e-48
-8.696840657236556458e-52
4.124428707580420838e-54
2.517713508897868881e-58
-9.962297457483618157e-61
3.248394288631732334e-63
-2.682709198423817364e-67
-1.129550962034838493e-70
7.950599854626195384e-16
5.464299362598859044e-17
-4.640583463900069589e-21
9.167175401138097094e-23
6.428251294408188104e-26
-4.613746211355310759e-29
-5.979596044885074747e-33
-1.672785736805412533e-34
2.484545154436462786e-37
1.350366517373499699e-40
-5.887341702787848509e-43
2.333489470793643923e-47
1.640706320479108960e-48
3.201195222549324066e-52
-1.762462605634160303e-54
-1.942704943073709868e-58
4.681433743698564026e-61
-1.409015322284525311e-63
2.808112466805365627e-67
1.817068881277858919e-69
8.272584012970760292e-74
2.498774314512977035e-17
2.883436314642766058e-20
8.329853546151179266e-24
1.894274354912331365e-26
-4.257591216440067931e-29
7.447250766447273565e-33
-2.216060692846476983e-35
2.156226073505869170e-38
5.368671967960096320e-41
3.128881885509823438e-44
-1.571699716948075614e-47
-5.539898420421661679e-49
-1.106209965974033236e-52
5.916596371237792396e-55
8.434198018495854407e-59
-3.317848815209080667e-61
5.830860179293197245e-64
-1.321334759191863197e-67
-1.512494505661678151e-69
1.402855249535555870e-73
3.949169377536163163e-77
5.096523752210498403e-21
4.090036429162480125e-24
5.807539371626570038e-27
-1.811707652427387552e-29
4.090163140357200353e-33
2.421616306205657262e-36
-2.261753456156870043e-39
1.732708234111596131e-41
-6.226945432136631203e-44
8.668983254309006571e-49
1.919501579556973688e-49
3.476108891820818793e-53
-2.666214883592946964e-55
-3.156329946241466994e-59
1.612081215343533350e-61
-4.812935110115354477e-64
9.065524171153527305e-68
7.605212173977792826e-70
-1.940020842803304649e-73
-3.252682136203748658e-76
-6.875936722276370065e-80
1.096690761587423238e-25
1.472011699584338371e-27
-8.937955342286621200e-30
2.393880016952591423e-33
8.885538742988955373e-36
-1.650852543697110646e-38
2.568045239865749333e-42
1.199700252770814916e-44
-2.088607520123262500e-48
-5.635266548828195655e-50
-1.594535712191443120e-53
3.302977468167481698e-56
1.099026192597013432e-59
-3.974355714614432965e-62
2.219020621776725163e-64
-7.721000062553595999e-68
-3.529437553577140072e-70
1.086240869830679683e-73
3.136609807362142489e-76
1.788768333072125603e-80
4.060864966490363044e-84
7.659032137940542210e-28
-4.269364642746195343e-30
1.126258696216720495e-33
6.372177259694767203e-36
-9.783442618879719572e-39
-1.161216656096200081e-42
8.017669820753361593e-45
1.297512260152767673e-49
-4.873286089659217099e-51
2.277413923922876522e-54
-1.443130581048077498e-56
-5.182527184107499831e-61
1.309761235115960917e-62
-3.220042668062252535e-65
4.374377616971303726e-68
3.045563011735203299e-70
-1.070788396483029782e-73
-1.995668048711590934e-76
2.783737963795084759e-80
-1.506637082609076690e-83
4.143224699712403389e-86
-2.083007827869196541e-30
6.297862032487712551e-34
4.499073673287413126e-36
-7.667384106167803614e-39
-2.021071465648599774e-42
2.181498855032088474e-44
-1.771067295235392340e-49
-2.488237977768296938e-50
5.277988299286867704e-55
-1.527573202362654381e-56
6.817330263297562573e-60
1.615216956994315536e-62
1.664942167205770765e-65
-1.293750644336284389e-68
-1.566764428727978247e-70
9.463069879958543251e-74
7.848924845531387032e-77
-1.953067753099332560e-80
1.477591665519068543e-83
-1.493163121830431885e-85
-2.183585633706183891e-89
3.777927853042054204e-34
3.507421552413074870e-36
-3.657442441997849690e-39
-2.552345914474067216e-42
8.900761565738658503e-45
6.879232761779997533e-49
-1.473901066823399078e-50
3.338172364622510833e-54
5.802523685263852860e-57
1.766581050102688330e-60
-1.038536461843656073e-62
6.068942672201970652e-65
4.933938874737957436e-69
3.094322338396787154e-71
-5.901025332816472718e-74
-6.539781488576910489e-77
8.049102252021020054e-80
-1.082178370192846822e-83
1.551758002691669234e-85
3.871904885756180183e-89
-1.781071401339339637e-92
2.564716063073273863e-36
-3.525137403863500182e-39
-1.842903042683113825e-42
1.508582565024301451e-44
-1.300206801570991164e-49
-3.439804353764812490e-50
3.689643100469356742e-54
-5.293469258169531350e-57
3.379788872090893494e-60
1.263618131893344652e-62
-2.899717963555179000e-65
6.019975789894264935e-69
-2.499278842766572273e-71
2.635136923164696117e-74
4.055184363745401767e-77
-8.038201796999689991e-80
1.555461255912135334e-84
-1.258193492227720823e-85
-3.173228249745588405e-89
1.547441276618938835e-91
2.161238008776047483e-95
-1.245481944360137623e-39
-2.168594283420702645e-42
4.980732920890233531e-45
7.147153872373839006e-49
-1.043583123086708874e-50
6.468114941737594619e-54
9.677197187085786931e-57
5.717520453267579953e-61
-3.140396335967438928e-63
4.305043375773251705e-65
-3.047461590210412103e-69
-4.258196931413782922e-71
-1.471765400721589883e-74
-1.654955129336187043e-77
5.293723525108512577e-80
-9.816529572484073522e-85
1.683304711638506052e-86
2.763603698343833667e-89
-1.974499986964728912e-91
-1.334251443692926604e-95
2.547648964644023464e-99
-1.829101674756384296e-42
1.025308822931692558e-44
-7.990540848465204220e-50
-3.173789630070803737e-50
4.853199505104015050e-54
8.017782203382777885e-57
7.674576409046731380e-61
6.143408666569104978e-63
-4.523766125501985352e-66
6.263318620181629442e-69
1.748530900631601684e-71
-3.924367676995164476e-75
1.555522899831121626e-77
-2.993194276639115093e-80
8.329247708304875488e-85
-4.839922639198699088e-87
2.088670246105084259e-89
1.769202399550303404e-91
-6.735114159897868575e-96
-3.499868206235849655e-98
-1.453738574781907543e-101
3.354574139194622191e-45
4.683952429348697591e-49
-1.578914046531637670e-50
7.546384685863252608e-54
1.306121149644101944e-56
-7.626106803487357996e-61
-3.918729946523973397e-63
3.060728760320993836e-65
-1.890700964628280993e-70
-3.554844442107655377e-71
-4.472926050343769909e-75
3.874773611059316188e-79
1.800125709637730870e-80
-4.338385350490548649e-85
5.749851077104901746e-87
-2.954042241582127021e-89
-8.389060232183308330e-92
4.914934768993299719e-96
5.005232391941398005e-98
4.636980216244937131e-102
5.020646282021628084e-105
7.360886370040687054e-51
-2.554807844173064805e-50
7.234041248160529392e-54
6.290629121107323451e-57
-1.034011726787029526e-60
3.274767804947219353e-63
-3.450469430571132895e-66
4.168206376214613647e-69
-4.872240167606745529e-72
-9.076484099543423261e-75
-1.650477041697771666e-78
5.776865651101382353e-82
8.994391197459249048e-85
-5.847198998153436629e-87
2.286680728509459752e-89
8.242213025159322613e-92
-5.968205192854614462e-95
-4.937483552448167342e-98
1.500807660613190255e-101
-9.752437015535129654e-104
7.229833618018787953e-108
-1.771188438395294150e-50
8.657392033959298939e-54
1.073169107546557173e-56
-2.026430991946069845e-60
-6.987980403207297927e-63
2.753839687828312250e-65
-1.835964117715826133e-69
-3.299490471531829409e-71
-6.711413239575619381e-75
1.370994067539776870e-78
1.520882812428622856e-80
-5.502488520823201188e-85
1.330001110077266208e-86
-1.460710751195101593e-89
-6.984563618741529375e-92
7.797795269892786339e-95
2.945672639510333947e-98
-1.428107915988066752e-101
1.532334437901101225e-103
-4.785202849353362396e-108
-6.459030868911841633e-111
8.980281356441746397e-54
-2.589029596001267676e-57
-2.325540553149386463e-60
6.376626898905899476e-63
-1.124511821622109349e-65
3.346169831403909768e-69
1.014407075843513434e-72
-7.207306570565573670e-75
6.279618740486107168e-79
1.243166575663200393e-80
-7.130693625900876310e-85
-1.400214306854554411e-86
6.739596658054095816e-90
5.471361915475022180e-92
-6.844166690564608271e-95
-3.232791844898544983e-98
6.342054436197124630e-101
-1.633002579962623667e-103
-3.752664149154909246e-108
1.525525191088485603e-109
-2.047396747677550101e-114
-2.393893606776410123e-58
-2.803886327433164906e-60
-2.621528536060547035e-63
4.715366226275108016e-65
-4.810584443353676373e-69
-3.490548661528071825e-71
3.817623460403262937e-76
2.069666071944114039e-78
1.639124903671325772e-80
-1.174892168095792077e-84
-1.055848660572063378e-86
3.808298909534836908e-90
-5.915221733285857566e-92
4.845494843610038501e-95
2.922602140621838417e-98
-8.679650002446526657e-101
1.130878165755847620e-103
3.198860992398112020e-108
-2.589219967162242965e-109
3.382836436145118082e-114
4.898451337454341885e-117
-2.968901460026591082e-60
7.962836623753650024e-63
2.556999931863498995e-65
6.740503991675349428e-69
1.802582545373930913e-71
-1.740330633205863232e-75
-4.221327288150987199e-78
1.007481918637521947e-80
-1.087317106708830487e-84
-2.427162231602489073e-86
1.646714985766387483e-89
3.954686520435271105e-92
-3.523286849265603582e-95
-2.466667595122089567e-98
8.224711857410862485e-101
-1.365079255327256229e-103
-3.666996351600373527e-107
2.923590408566414721e-109
-2.920760603076217242e-114
-1.137815506735521642e-115
-8.459838488657749611e-121
4.307014688776881579e-63
7.868430682365449349e-65
-2.766689964685385843e-70
-7.150153904687023392e-71
1.233993707042350967e-74
-1.045582786300553955e-78
4.221806900361092997e-81
-1.216143645069746940e-84
-1.834327406956266833e-86
1.767924085255574627e-89
-1.418380935058583197e-92
2.972077676267387529e-96
2.682528645487417217e-98
-6.311430121662681798e-101
1.335425845283543587e-103
5.539558225317702409e-107
-2.198831357419943016e-109
4.165258484083582616e-114
2.051554736395157390e-115
2.447264976801321485e-120
-2.744587526999212555e-123
8.607038755429409365e-65
8.200450043409530249e-69
-5.285409772032395601e-71
-8.508378696148302935e-76
-1.178029630597164238e-77
-8.695547220695525847e-81
-1.119843223274795177e-84
-2.492248884705514917e-86
2.218081382828618631e-89
3.974616085653414312e-92
-4.762919173348495335e-95
-1.805275649540455300e-98
4.891378853806313754e-101
-1.182713836120912915e-103
-5.417602727290156217e-107
2.832064407685305580e-109
8.404442437630916186e-114
-2.433598818648867737e-115
-2.967652096243747453e-120
5.483346105243291713e-122
1.807867248707752530e-126
6.587929363435527142e-69
-1.297447545406192698e-70
6.212659067303243339e-75
1.153743540342886396e-77
-2.315858309081047926e-80
-9.270849564167959668e-85
-1.847865948400432523e-86
1.784956947329963562e-89
4.284965907755607814e-93
-3.502624114669354391e-95
1.061425381907136436e-98
-8.299431844968898095e-102
1.317870957306858532e-103
4.361965101354380315e-107
-2.923239770819546635e-109
-1.501284447248830978e-113
1.894970332423400061e-115
3.493253438698653063e-120
-1.036986504133186567e-121
-8.074334333017792892e-126
1.040168761914222000e-129
-1.602242030757445281e-70
-3.562502447752677540e-75
1.599002650465560365e-77
-3.111516551161463504e-80
-3.619560583351010884e-85
-1.900731839509262201e-86
9.838828344550335099e-90
4.659429799795373179e-92
-5.914203367258519615e-95
-1.559529922135401825e-98
6.506221780010010452e-101
-8.465368525962194725e-104
-3.209044236136741282e-107
2.631673018217021863e-109
1.455658451496125030e-113
-2.572847207845784452e-115
3.563183575875782428e-120
1.287054325838827776e-121
1.281609237670614012e-125
-1.767914147593748530e-128
-1.584809738946822170e-132
-1.075843110306546225e-74
3.577420636802372285e-77
-3.731742223029919543e-80
1.412418749368054285e-84
-7.961829879051473234e-88
-5.029187874917462010e-90
3.952324496396728470e-92
-3.388432424765904095e-95
1.882749426170569056e-99
4.521131691893582675e-101
6.068960973751578956e-104
7.316939414781694216e-109
-3.053500494413127097e-109
-1.124963570649364080e-113
2.807579869097004449e-115
-7.061851340217929946e-120
-1.008964836553761768e-121
-1.691212157240942657e-125
3.525687299866031235e-128
7.399201978774851337e-132
0.000000000000000000e+00
