15
60
5.002387975159761080e-02
5.008358149224331063e-02
5.039148645488294997e-02
5.259480453199110589e-02
6.388082600158646873e-02
9.520333162440339225e-02
1.327317359852089318e-01
1.599523588361902171e-01
1.889550067369865916e-01
2.098915131565615710e-01
2.309011074889424642e-01
2.470035967291988044e-01
2.623388633996043273e-01
2.747962943549093762e-01
2.860044851415409206e-01
2.955315994135893076e-01
3.034702305813159473e-01
3.103880004574265938e-01
3.154105296076276654e-01
3.197428007224124014e-01
3.219459564965593268e-01
3.236625702276643146e-01
3.231531675873405840e-01
3.224136359439897515e-01
3.195152461953333356e-01
3.167940983410742484e-01
3.121192219153020031e-01
3.081622158703460346e-01
3.025259374470582463e-01
2.981729375209872246e-01
2.924064711755500756e-01
2.883857015733680695e-01
2.831565617958459180e-01
2.799511421012720325e-01
2.756691668993764832e-01
2.734911710349336444e-01
2.703118062888490436e-01
2.691556818219326130e-01
2.670430891701371934e-01
2.667678000418222672e-01
2.655729723563697853e-01
2.659756421650328329e-01
2.655018193750570688e-01
2.663686126154156675e-01
2.664148801677611034e-01
2.675499966958045928e-01
2.679354983945957946e-01
2.691742798559505490e-01
2.697485665413656974e-01
2.709612597722951266e-01
2.716069422172453507e-01
2.726980022605967058e-01
2.733304879063940263e-01
2.742357250970632321e-01
2.748013037672839554e-01
2.754838978743583411e-01
2.759554436367285257e-01
2.764018238759334833e-01
2.767725554994061032e-01
2.769890673790609270e-01
2.772662680161571136e-01
5.039092372990953972e-02
5.070119876606610232e-02
5.094014009247069957e-02
5.129972485761746109e-02
5.327861743409368495e-02
6.287145713213485032e-02
8.871854517240922167e-02
1.195587504947518975e-01
1.441734898764891748e-01
1.706834383692364399e-01
1.905891062565882588e-01
2.110170729238271536e-01
2.268504964332060114e-01
2.424382117679397264e-01
2.550522272325811413e-01
2.669351676546565799e-01
2.769235929559240028e-01
2.858286486244553948e-01
2.935051450080067847e-01
2.997918071639823490e-01
3.052334979617942201e-01
3.090318888044708001e-01
3.122251261395514454e-01
3.136098429440212776e-01
3.146195828530477523e-01
3.137682443229923290e-01
3.128573882602417866e-01
3.101443958286390634e-01
3.077972805962965186e-01
3.037892440870094135e-01
3.006338552726137703e-01
2.959942011344905977e-01
2.926658221897460166e-01
2.880205531444176570e-01
2.850340798095887807e-01
2.808625539866295151e-01
2.785428495865497345e-01
2.751304792396742083e-01
2.736100178430164176e-01
2.710604264491097148e-01
2.703213344982617339e-01
2.686026393400092194e-01
2.685328471020225205e-01
2.675317810303017296e-01
2.679748558673384351e-01
2.675422186768905419e-01
2.683330030770103014e-01
2.683150357609431769e-01
2.693009079796052085e-01
2.695571783343435057e-01
2.706085250026860622e-01
2.710204098221099533e-01
2.720345542018983154e-01
2.725090850835022449e-01
2.734103937923992866e-01
2.738814991074673411e-01
2.746192138856076159e-01
2.750459334352083340e-01
2.755911750003955940e-01
2.759530650171787003e-01
2.762964431265712006e-01
5.415221147926674305e-02
5.529014522299371959e-02
5.590065103855430817e-02
5.671438406161996570e-02
5.796747156054182781e-02
5.979112660391295436e-02
6.681018915122641233e-02
8.750454320553688325e-02
1.121569196391087458e-01
1.338711474685717884e-01
1.574259788429231144e-01
1.759431493466672991e-01
1.952412504563723894e-01
2.104787963769652048e-01
2.258376751959567386e-01
2.383097358728157866e-01
2.504478063528295384e-01
2.606039824069152910e-01
2.700809683026563213e-01
2.781958918133895509e-01
2.853341979656023875e-01
2.915067826270880125e-01
2.964473639890036205e-01
3.006826685345612149e-01
3.034902302727351397e-01
3.058123447860032762e-01
3.065877388435757633e-01
3.071363609399010430e-01
3.061023366508849319e-01
3.051789710473723494e-01
3.027110189916986660e-01
3.007585328399114966e-01
2.973500957182533821e-01
2.948763311843642376e-01
2.910559644083005049e-01
2.885366869092323983e-01
2.847754855819001896e-01
2.825765074344716576e-01
2.792224406933498382e-01
2.775646375867451554e-01
2.748196805425894285e-01
2.737857521587390153e-01
2.717199034219408560e-01
2.712863120466802447e-01
2.698719601685994895e-01
2.699482247504585986e-01
2.690984512919653016e-01
2.695621349108541787e-01
2.691630685899161768e-01
2.698852092107393852e-01
2.698183208900115648e-01
2.706791384078400253e-01
2.708344496338422891e-01
2.717317649687363557e-01
2.720156502166486412e-01
2.728683155864909393e-01
2.732081034455650093e-01
2.739560711366919032e-01
2.743011459891947501e-01
2.749038595248911032e-01
2.752231379124192578e-01
7.864657838339648988e-02
8.054578241863155630e-02
8.383424404153798359e-02
8.885242402634299652e-02
8.973656872181710875e-02
8.471160538825477093e-02
8.229973236694472505e-02
8.270609410358996383e-02
9.629471801175701340e-02
1.134259393839619490e-01
1.309502048206026836e-01
1.504707597557712329e-01
1.667968108500317015e-01
1.841875823224343733e-01
1.982993342780296764e-01
2.128649577362861922e-01
2.248092035578135028e-01
2.367663465696670799e-01
2.467742856763555925e-01
2.564525639064673679e-01
2.647092612094433250e-01
2.723440196129401913e-01
2.789312038560319285e-01
2.846424230513265319e-01
2.895684552677853518e-01
2.934090647835989052e-01
2.966768817421233662e-01
2.987041213858191435e-01
3.003813827021459826e-01
3.007234520136451983e-01
3.009894608547973305e-01
2.998853598880547588e-01
2.990382115544307218e-01
2.968361485925004595e-01
2.952573675528675223e-01
2.923723778493448888e-01
2.904634648508068739e-01
2.873120144753615879e-01
2.854277069244194887e-01
2.823653532004323230e-01
2.807670276539588339e-01
2.780490564823293598e-01
2.768881600615633598e-01
2.746594214423152547e-01
2.739866988152645511e-01
2.722950911129460860e-01
2.720847479873289010e-01
2.709069550011459770e-01
2.710851032673518568e-01
2.703543263468153324e-01
2.708240574555019764e-01
2.704527744463039451e-01
2.711125342230073509e-01
2.710082638578882874e-01
2.717636952263066674e-01
2.718397683751220817e-01
2.726102428883236395e-01
2.727934308802305585e-01
2.735144928071126524e-01
2.737490778942074932e-01
2.743724113268899423e-01
1.785055117949451431e-01
1.874271389748235483e-01
2.040186520938689629e-01
2.047606518201840198e-01
1.823006473676353212e-01
1.669589930695092872e-01
1.446218202318672041e-01
1.300545325723160561e-01
1.181607283173061462e-01
1.206202932368466707e-01
1.274231018978533581e-01
1.382780005070065044e-01
1.519253798743109840e-01
1.646340044724575735e-01
1.789715041930099448e-01
1.911104526508605739e-01
2.041440543855059242e-01
2.150151593065744715e-01
2.262787302119919353e-01
2.357489737604769875e-01
2.452366059973708212e-01
2.533190865666142821e-01
2.611122042538384092e-01
2.678186597932905588e-01
2.739742355797304407e-01
2.792875718185680589e-01
2.838294356254357775e-01
2.877296691235374793e-01
2.906809427127652334e-01
2.931879622544347197e-01
2.946145475925794899e-01
2.958252764026263470e-01
2.958709511681567039e-01
2.959757959788384407e-01
2.948746659742241816e-01
2.941457925874640389e-01
2.922058797086862780e-01
2.909605184916313481e-01
2.885236162258372206e-01
2.870747850898620612e-01
2.844674022520833345e-01
2.830792855754165060e-01
2.805710032723808811e-01
2.794314048158342279e-01
2.772112474791926795e-01
2.764243118655608233e-01
2.745974615001572361e-01
2.741928609049342769e-01
2.727926617101211759e-01
2.727443489591726000e-01
2.717519074117696887e-01
2.719990958023654759e-01
2.713629522772359470e-01
2.718282933017742709e-01
2.714801427030072434e-01
2.720832966251086615e-01
2.719501155727046537e-01
2.726166000907738196e-01
2.726304223231302282e-01
2.732962012815690067e-01
2.734008467520804841e-01
4.251610811683469437e-01
4.581332859448746242e-01
4.539951792757885851e-01
3.941231941118862325e-01
3.545521780088317643e-01
3.055108514106110174e-01
2.684544678795119377e-01
2.292278458625627013e-01
1.994165075331768566e-01
1.735944605105985972e-01
1.621442070752864006e-01
1.565285285646670355e-01
1.580338217284058266e-01
1.637711676611247336e-01
1.710163664276536100e-01
1.808797498782270252e-01
1.898945561708379748e-01
2.004725701565682749e-01
2.095415061560790826e-01
2.194947790910787844e-01
2.279361616364151411e-01
2.367919744390458159e-01
2.443369968190507446e-01
2.519398233037691837e-01
2.584624865720800968e-01
2.647542520569967639e-01
2.701719905674185851e-01
2.751192664896710549e-01
2.793730414684562624e-01
2.829588395362591102e-01
2.860264902705156875e-01
2.882682152573334267e-01
2.901862601390722274e-01
2.911589424630630085e-01
2.920376304671892242e-01
2.918884814692805918e-01
2.919108942664188633e-01
2.908565193250013947e-01
2.902595034837877619e-01
2.885642242736898289e-01
2.876054056148672489e-01
2.855471588781709480e-01
2.844685138272123881e-01
2.823028783881833537e-01
2.813013208850391189e-01
2.792335866208804918e-01
2.784444493280948119e-01
2.766157929096498269e-01
2.761102357627842063e-01
2.745980762392577490e-01
2.743917843314009897e-01
2.732202736734891668e-01
2.732881809667948581e-01
2.724425081781151059e-01
2.727343796310759405e-01
2.721741363918069312e-01
2.726280136485018657e-01
2.722988415522270000e-01
2.728510596063426497e-01
2.726952958827821294e-01
2.732866442737771906e-01
7.632891909866666991e-01
7.477897459976623473e-01
6.360493795950106222e-01
5.664106299090262420e-01
5.044061538073240092e-01
4.513630092613902800e-01
4.012387747794423642e-01
3.558357128878341102e-01
3.118204604142361114e-01
2.729516157478716898e-01
2.384299429042307517e-01
2.150052342657885196e-01
1.981478883481680164e-01
1.893947979398768744e-01
1.862559881966927566e-01
1.865500890142531010e-01
1.906986453555436778e-01
1.953894172166820986e-01
2.025426893980076248e-01
2.089716993125873001e-01
2.169285477732016687e-01
2.237636005995691513e-01
2.314979726257510584e-01
2.380896843802812468e-01
2.451315605278262810e-01
2.511454507897327160e-01
2.572668569788492676e-01
2.625089301923406726e-01
2.675850400346409530e-01
2.719322570931442251e-01
2.758904184338794030e-01
2.792721377123716930e-01
2.820824050872037247e-01
2.844832843906880404e-01
2.861658917942566660e-01
2.876332570458626225e-01
2.882681993210765570e-01
2.889134075651667022e-01
2.886424003457375154e-01
2.886313194849354780e-01
2.876472943778018432e-01
2.871793914725724872e-01
2.857047621847395025e-01
2.849859945835821473e-01
2.832450990889447406e-01
2.824617243835608749e-01
2.806544927172474613e-01
2.799533047183987988e-01
2.782367447198133004e-01
2.777149656672800448e-01
2.761955150942747017e-01
2.759010268939821597e-01
2.746369994348072385e-01
2.745763088106212835e-01
2.735861093876736927e-01
2.737358654626278476e-01
2.730075031418304765e-01
2.733262581992553786e-01
2.728268952961154792e-01
2.732650634768334919e-01
2.729511189440848584e-01
9.336074761354679064e-01
7.632891909866666991e-01
6.609779805284100584e-01
6.134443257396678950e-01
5.612284498977672120e-01
5.248722482864266459e-01
4.832156727489227421e-01
4.473198455537175655e-01
4.078857785792706081e-01
3.706156189005158641e-01
3.324118140010726141e-01
2.974885806841406910e-01
2.681432654430480067e-01
2.446102276313504020e-01
2.276087333657368095e-01
2.167029107987878678e-01
2.098819602333584222e-01
2.079151497530829507e-01
2.075165830688751600e-01
2.105300706938266486e-01
2.135761013982089840e-01
2.188998475795556620e-01
2.235441886055669347e-01
2.296615133714360324e-01
2.348588016057441274e-01
2.409576931505620356e-01
2.461204258269060474e-01
2.517632033114881596e-01
2.565464406813072751e-01
2.614851303317831666e-01
2.656751916642554057e-01
2.697622544134359313e-01
2.732272461451946688e-01
2.763790495071938302e-01
2.790514506387655747e-01
2.812382891472759439e-01
2.831111885126013084e-01
2.843579674019435233e-01
2.854833425804239599e-01
2.858705032986280647e-01
2.863531950251331226e-01
2.860113897747189604e-01
2.859955966132233240e-01
2.850923569410588332e-01
2.847423066071370634e-01
2.834624370245412139e-01
2.829412681861988021e-01
2.814648593918556707e-01
2.809154937259347729e-01
2.793989142090204658e-01
2.789303192292217903e-01
2.774942772264852864e-01
2.771756860914196818e-01
2.759018035938516911e-01
2.757646599594018588e-01
2.746981919312655451e-01
2.747431406517937824e-01
2.738981428264876117e-01
2.741041174463145214e-01
2.734698256242317216e-01
2.738029189198150082e-01
7.632891909866666991e-01
6.109788113061525028e-01
5.975799606152154553e-01
5.569238087115238045e-01
5.439070327644270897e-01
5.166349624068284907e-01
5.007158666844595540e-01
4.750567253156418590e-01
4.544106393741207950e-01
4.264815128874067662e-01
4.004250047871316109e-01
3.694068883927913993e-01
3.402743860924203889e-01
3.115420684899071202e-01
2.869258750724903440e-01
2.657456362858535148e-01
2.500114400658203784e-01
2.375903268611238017e-01
2.303411821993335273e-01
2.249742244056373297e-01
2.237204335628181218e-01
2.230135803359914459e-01
2.252999840619331340e-01
2.273028959908179325e-01
2.313879368743142761e-01
2.347893075769671156e-01
2.395884468380339305e-01
2.435670708620803759e-01
2.484334879737075674e-01
2.524795062101019560e-01
2.570254378534150286e-01
2.608163182628676080e-01
2.648037445606626905e-01
2.681337216136211454e-01
2.714167065441526749e-01
2.741616129765332421e-01
2.766600444219054489e-01
2.787616830875294660e-01
2.804516243826693511e-01
2.819101790449189404e-01
2.828204629293106787e-01
2.836879878023003121e-01
2.838958404489571596e-01
2.842662462614551355e-01
2.838885939949846726e-01
2.838836362593942231e-01
2.830635387653379631e-01
2.828166049100148682e-01
2.817061255441427048e-01
2.813456588223289256e-01
2.800886940928360991e-01
2.797236647076747906e-01
2.784426136687572217e-01
2.781531794496449050e-01
2.769420233284402566e-01
2.767768297529374366e-01
2.756997296449230639e-01
2.756786983306494521e-01
2.747712098444127782e-01
2.748915932708608789e-01
2.741634875877792532e-01
4.251610811683466107e-01
4.836614168367371902e-01
4.717045971907897206e-01
4.838257462067560022e-01
4.743601144243010936e-01
4.766132516342673764e-01
4.662550203759435186e-01
4.625298214907508365e-01
4.495306533208371369e-01
4.400984856632421116e-01
4.230221169954181404e-01
4.073852253535888979e-01
3.854110620269890486e-01
3.643610259192555656e-01
3.404344069445904286e-01
3.189205836170777575e-01
2.977446231340178939e-01
2.806746911154196500e-01
2.652671414729794730e-01
2.545834723947958955e-01
2.453420385802336789e-01
2.404310704129902498e-01
2.361828475624396795e-01
2.354276285446544326e-01
2.346279683445444963e-01
2.364540299811585533e-01
2.377888162854876197e-01
2.410149582474587215e-01
2.435334962759705679e-01
2.473640934131328406e-01
2.504214469492763717e-01
2.543410751729714980e-01
2.575077321931188434e-01
2.611843774465437140e-01
2.641755997707854187e-01
2.673957092213088416e-01
2.700270862073280154e-01
2.726582987465671071e-01
2.748208881695216599e-01
2.767932190253343805e-01
2.784397410889157265e-01
2.797366909708358662e-01
2.808725055612319443e-01
2.815251411595335873e-01
2.821990163075265845e-01
2.822790387995587347e-01
2.825720918225705924e-01
2.821821177159523075e-01
2.821953964525157343e-01
2.814559781258013649e-01
2.812969552602679335e-01
2.803320975508544199e-01
2.801010586461352703e-01
2.790253033766291191e-01
2.788044202319629461e-01
2.777144133911358392e-01
2.775618887146936720e-01
2.765324564396075546e-01
2.764818754613546647e-01
2.755642531106858861e-01
2.756277532930607732e-01
1.785055117949452541e-01
3.163805205769197326e-01
3.631713609944668963e-01
3.841630026735402548e-01
4.038286438394153577e-01
4.100088089798468727e-01
4.194817718472281798e-01
4.196262520163073217e-01
4.228850925961416540e-01
4.186535082772196992e-01
4.165601777167878272e-01
4.078354245322656224e-01
4.000963089331148748e-01
3.862617466557140555e-01
3.728381217337286002e-01
3.551676282391081907e-01
3.386939116294326868e-01
3.203944750610188130e-01
3.047793421711519346e-01
2.890709318307253528e-01
2.771393566028524935e-01
2.657321550635495244e-01
2.583567530153331182e-01
2.513591007605987526e-01
2.480103750090078829e-01
2.446307785753398523e-01
2.442436021978386107e-01
2.434579335967544111e-01
2.449841666781023553e-01
2.458807290013479974e-01
2.484920052740915986e-01
2.503690822622458012e-01
2.534703272795651441e-01
2.558216620018166632e-01
2.590025741796678771e-01
2.614736722564406923e-01
2.644564642359469864e-01
2.668049203657351098e-01
2.694056984998693394e-01
2.714734577692989315e-01
2.735782365250694625e-01
2.752737422737550621e-01
2.768249627098097743e-01
2.781114777708336705e-01
2.790996738007577860e-01
2.799854651426867957e-01
2.804423304574678588e-01
2.809708203941811422e-01
2.809615060663990249e-01
2.812013349384552829e-01
2.808144855263988715e-01
2.808488074426004344e-01
2.801846942073699109e-01
2.800992956436439418e-01
2.792581621292308247e-01
2.791303095130347467e-01
2.782037614610327059e-01
2.780944757332962092e-01
2.771604490450395586e-01
2.771113072116904719e-01
2.762305034925700009e-01
7.864657838339664253e-02
1.521119408555803854e-01
2.505546396840129253e-01
2.913887589020946467e-01
3.225284405151573330e-01
3.446634033701135857e-01
3.589248854310631565e-01
3.720066514560485538e-01
3.786406629284303493e-01
3.859590012961892080e-01
3.876211782374610615e-01
3.901981861274719798e-01
3.874617578549530705e-01
3.852354977897916588e-01
3.777964532748070425e-01
3.704774967920279605e-01
3.587640625764987878e-01
3.475252817964273322e-01
3.333769203348455057e-01
3.207763599675175215e-01
3.067515597117329573e-01
2.954268171510542884e-01
2.836196204251422159e-01
2.751860383757034900e-01
2.665902366750700914e-01
2.614437027916384770e-01
2.560647872374174905e-01
2.537960133540007046e-01
2.510933852733638338e-01
2.509805774595416095e-01
2.502540113529415078e-01
2.515743503547395732e-01
2.521742875866174183e-01
2.543302634049231514e-01
2.557311616089276152e-01
2.582710754636746153e-01
2.600756114909014705e-01
2.626731518661714060e-01
2.645928354943622440e-01
2.670191841641026409e-01
2.688527367066377294e-01
2.709538074846041811e-01
2.725696879999304212e-01
2.742508334032744410e-01
2.755745177042468463e-01
2.767903980675959219e-01
2.777939482745458988e-01
2.785409635471406964e-01
2.792334954644689615e-01
2.795429204740662033e-01
2.799620815652739125e-01
2.798920599038957624e-01
2.800955541195064291e-01
2.797213663370611836e-01
2.797770425365823654e-01
2.791809010485988285e-01
2.791562060907625820e-01
2.784191712512427141e-01
2.783725228621601877e-01
2.775693781534683824e-01
2.775452209001768034e-01
5.415221147926671530e-02
7.374735689031243491e-02
1.321778803967089133e-01
2.062334435546729905e-01
2.428341571720970538e-01
2.764256578911423734e-01
2.991333665333443248e-01
3.175280072646579077e-01
3.324342249875150146e-01
3.430850641693538039e-01
3.528089417802620087e-01
3.584265393318297743e-01
3.639852350496939337e-01
3.654571108294971116e-01
3.669721783047429908e-01
3.642773255831582291e-01
3.614806939639504391e-01
3.547241750678370442e-01
3.480371834964637312e-01
3.381551828137243643e-01
3.290452938067776611e-01
3.177594352501773023e-01
3.082259543246556044e-01
2.974043476964978172e-01
2.891614332157598777e-01
2.801624711806376955e-01
2.741511474185547859e-01
2.675721952160027839e-01
2.639687252577360144e-01
2.597807964294470140e-01
2.582760242018991015e-01
2.561012259390388346e-01
2.561906127263458566e-01
2.555359694589630082e-01
2.567051559990592979e-01
2.570974193347801418e-01
2.589054122191776774e-01
2.599463942133927175e-01
2.620463847683465186e-01
2.634241890638265859e-01
2.655567154924567408e-01
2.670390253181369467e-01
2.690176440334469121e-01
2.704402278244826263e-01
2.721384895471054000e-01
2.733943846914242970e-01
2.747357455625448752e-01
2.757653533540340707e-01
2.767153583194358890e-01
2.774972252478684065e-01
2.780570317027710181e-01
2.786001584495801375e-01
2.787997755248631249e-01
2.791368186710427857e-01
2.790269843290434371e-01
2.792062514582895338e-01
2.788495324768514583e-01
2.789254915668314960e-01
2.783889618280840361e-01
2.784133949348425729e-01
2.777639922649220439e-01
5.039092372990952584e-02
5.347489246479822378e-02
6.973079974966589489e-02
1.167691019764577759e-01
1.744654180550676281e-01
2.075592129289335619e-01
2.405860859650209294e-01
2.630337790796462016e-01
2.833835012990076896e-01
2.991605225164610249e-01
3.122724156741312762e-01
3.234325696144797480e-01
3.317099500884369001e-01
3.391928136618730938e-01
3.436166681569128856e-01
3.476604453248500204e-01
3.484104322967539469e-01
3.488509674297531338e-01
3.459595345544074774e-01
3.428931379216957898e-01
3.368004642833071216e-01
3.309892589277677599e-01
3.227380857991297702e-01
3.155174602448148069e-01
3.065184686851919471e-01
2.993429984250559617e-01
2.909230023686627531e-01
2.849040329126925619e-01
2.779566428083000695e-01
2.736556591332736654e-01
2.685521540738897150e-01
2.660405750456515395e-01
2.627424865838241530e-01
2.617857568462055307e-01
2.600220846916345141e-01
2.602568981959764161e-01
2.596717092726489318e-01
2.607222287568012331e-01
2.609644228303384383e-01
2.624991307129618257e-01
2.632641837007663188e-01
2.650142756546936540e-01
2.660574187965082382e-01
2.678164931377239877e-01
2.689521094260453604e-01
2.705696628602398124e-01
2.716657766323524181e-01
2.730396882381256329e-01
2.740105024605439255e-01
2.750801186097640016e-01
2.758778982850155770e-01
2.766181556153485821e-01
2.772263690663570590e-01
2.776420048296327492e-01
2.780698414276466801e-01
2.781885310353510166e-01
2.784645716076858402e-01
2.783291465923662944e-01
2.784931091125811276e-01
2.781550055319950143e-01
2.782491977154256113e-01
5.002387975159759692e-02
5.033122198926381213e-02
5.291927897234203343e-02
6.644222964034476875e-02
1.046715111536631743e-01
1.507583107359507790e-01
1.807582955711327100e-01
2.120053105841739893e-01
2.337978471093421495e-01
2.548541091396888114e-01
2.709609322450344804e-01
2.855264745942311944e-01
2.975297541449704042e-01
3.075848848506289590e-01
3.163162132052521058e-01
3.228124518621738326e-01
3.285710174641229275e-01
3.318070389007739540e-01
3.345344890649441516e-01
3.345643349254082133e-01
3.342467537392798671e-01
3.312741431278667381e-01
3.282747615320583123e-01
3.228905076296395560e-01
3.180292140536170042e-01
3.111942233895469978e-01
3.055564870917091280e-01
2.983658613355243960e-01
2.929839221620570977e-01
2.863760735276023595e-01
2.819776997162172227e-01
2.765519246652603513e-01
2.734794862104657498e-01
2.694732522390289042e-01
2.677467527622006682e-01
2.651212210024829763e-01
2.645601045485876379e-01
2.631163783098240394e-01
2.634521720697535763e-01
2.629278499841186667e-01
2.638799062299003184e-01
2.640106418976682079e-01
2.653258433849108311e-01
2.658772291436937163e-01
2.673455086402769521e-01
2.681255922599376507e-01
2.695829577549089806e-01
2.704446347713460042e-01
2.717706267871436432e-01
2.726086423642624101e-01
2.737218057420385819e-01
2.744671846300317242e-01
2.753204479679718375e-01
2.759351649848190147e-01
2.765110885674941787e-01
2.769836867375003453e-01
2.772888051258624031e-01
2.776291531502365073e-01
2.776874565367136727e-01
2.779196420979456184e-01
2.777669699049650220e-01
9.499761202484023892e-01
9.499164185077566547e-01
9.496085135451171055e-01
9.474051954680089427e-01
9.361191739984134896e-01
9.047966683755965800e-01
8.672682640147910682e-01
8.400476411638098106e-01
8.110449932630133807e-01
7.901084868434384845e-01
7.690988925110575636e-01
7.529964032708011956e-01
7.376611366003956727e-01
7.252037056450906238e-01
7.139955148584591349e-01
7.044684005864106924e-01
6.965297694186840527e-01
6.896119995425734617e-01
6.845894703923722791e-01
6.802571992774741894e-01
6.780540436014171890e-01
6.763374298035804699e-01
6.768468302754675481e-01
6.775863635316492495e-01
6.804847632722177408e-01
6.832059036992990109e-01
6.878807728641316288e-01
6.918377827413951797e-01
6.974740416553978362e-01
7.018270615553847680e-01
7.075935305082674542e-01
7.116142817716255564e-01
7.168434596329529285e-01
7.200489212358553992e-01
7.243308801863685975e-01
7.265088152194250082e-01
7.296881791765639225e-01
7.308440788245287312e-01
7.329568376509300043e-01
7.332321539158106471e-01
7.344270521596447665e-01
7.340249399570046851e-01
7.344983276546381834e-01
7.336321166729590226e-01
7.335849050776686031e-01
7.324496918854233041e-01
7.320640000471994036e-01
7.308241810338949040e-01
7.302517917823481142e-01
7.290374031998736459e-01
7.283945902399360239e-01
7.273022702158559172e-01
7.266704360689011377e-01
7.257660926196090045e-01
7.251973211737274827e-01
7.245184832777631367e-01
7.240421030757677734e-01
7.235999929045089374e-01
7.232268940033615978e-01
7.230106100948276993e-01
9.496090762700905019e-01
9.492988012339338422e-01
9.490598599075292796e-01
9.487002751423825320e-01
9.467213825659063220e-01
9.371285428678651774e-01
9.112814548275908200e-01
8.804412495052480470e-01
8.558265101235108530e-01
8.293165616307636157e-01
8.094108937434116857e-01
7.889829270761727908e-01
7.731495035667940163e-01
7.575617882320602181e-01
7.449477727674188587e-01
7.330648323453433646e-01
7.230764070440760527e-01
7.141713513755445497e-01
7.064948549919932708e-01
7.002081928318724113e-01
6.947665020361935007e-01
6.909681116271737533e-01
6.877748739926881072e-01
6.863901516535328984e-01
6.853804158009169090e-01
6.862317715936437912e-01
6.871426153406638981e-01
6.898556075216656369e-01
6.922027189561469340e-01
6.962107196072223614e-01
6.993661429473815305e-01
7.040057760312615764e-01
7.073341520350349132e-01
7.119794671117227747e-01
7.149659946335569227e-01
7.191375292066408687e-01
7.214571660484386806e-01
7.248695452195961231e-01
7.263896980564756856e-01
7.289394927592874884e-01
7.296784929558931543e-01
7.313973551224909331e-01
7.314677317955411429e-01
7.324683898552538652e-01
7.320261628803813592e-01
7.324575885141628717e-01
7.316670447376957265e-01
7.316842720835138314e-01
7.306974852049576974e-01
7.304428475689832556e-01
7.293895057949681959e-01
7.289811799676930715e-01
7.279650307105063334e-01
7.274925837310479704e-01
7.265913078144108361e-01
7.261179392229137886e-01
7.253837263361283538e-01
7.249514619625454515e-01
7.244114657190479090e-01
7.240450345750806260e-01
9.458477885207332569e-01
9.447098547770063082e-01
9.440993489614456502e-01
9.432856159383800065e-01
9.420325284394581722e-01
9.402088733960870526e-01
9.331898108487736154e-01
9.124954567944630890e-01
8.878430803608912125e-01
8.661288525314282394e-01
8.425740211570769134e-01
8.240568506533326731e-01
8.047587495436275828e-01
7.895212036230347952e-01
7.741623248040432337e-01
7.616902641271842134e-01
7.495521936471705171e-01
7.393960175930847090e-01
7.299190316973436232e-01
7.218041081865123054e-01
7.146658020027942815e-01
7.084932173595570593e-01
7.035526373144170842e-01
6.993173318581535902e-01
6.965097588432365150e-01
6.941876524563805884e-01
6.934122823508690470e-01
6.928636442069713297e-01
6.938976852838352194e-01
6.948210309034884569e-01
6.972889364362659936e-01
6.992414655402678925e-01
7.026498416662374513e-01
7.051236312827037223e-01
7.089440290260637934e-01
7.114633978390629832e-01
7.152246286691014143e-01
7.174235499705878816e-01
7.207776481311207739e-01
7.224350402592167875e-01
7.251802604508111871e-01
7.262139100709471551e-01
7.282800688376436238e-01
7.287141943548240963e-01
7.301282372314082947e-01
7.300530804356171188e-01
7.309014079553968202e-01
7.304384118109592539e-01
7.308360678783500930e-01
7.301133164372842765e-01
7.301812741370810045e-01
7.293183126416715734e-01
7.291669933270683579e-01
7.282669387888813795e-01
7.279867055214832572e-01
7.271329994270432362e-01
7.267924982651383647e-01
7.260473682820670627e-01
7.256967527387416794e-01
7.250998798210772645e-01
9.213534216166034962e-01
9.194542175813684715e-01
9.161657559584620580e-01
9.111475759736570312e-01
9.102634312781828774e-01
9.152883946117452707e-01
9.177002676330552333e-01
9.172939058964100223e-01
9.037052819882429588e-01
8.865740606160380510e-01
8.690497951793972886e-01
8.495292402442287116e-01
8.332031891499682708e-01
8.158124176775656267e-01
8.017006657219702959e-01
7.871350422637137800e-01
7.751907964421864694e-01
7.632336534303328923e-01
7.532257143236444907e-01
7.435474360941304317e-01
7.352907387900861069e-01
7.276559802585542691e-01
7.210687960906899674e-01
7.153575800195243195e-01
7.104315456476720803e-01
7.065909167362931509e-01
7.033231134692188302e-01
7.012959006017507324e-01
6.996186233775764096e-01
6.992765977611928863e-01
6.990105449783787783e-01
7.001146042280621540e-01
7.009617887266592628e-01
7.031637425623513682e-01
7.047425804322565712e-01
7.076275543038447191e-01
7.095366288132572974e-01
7.126881049771052190e-01
7.145724098376422528e-01
7.176348144418076558e-01
7.192326301180375081e-01
7.219509433685216138e-01
7.231112974733562293e-01
7.253405497154088444e-01
7.260136346819532349e-01
7.277051419328404158e-01
7.279167924381311217e-01
7.290929945696643655e-01
7.289160646694701207e-01
7.296446831825582624e-01
7.291748537737692271e-01
7.295463144092336760e-01
7.288844876127096306e-01
7.289927875928701173e-01
7.282339874238979993e-01
7.281630831132349657e-01
7.273903549794562551e-01
7.272085476811542826e-01
7.264892497570097918e-01
7.262500053043166037e-01
8.214944882050548847e-01
8.125728610251764517e-01
7.959813479061310648e-01
7.952393481798160080e-01
8.176993526323647066e-01
8.330410069304907683e-01
8.553781797681327959e-01
8.699454674276839716e-01
8.818392716826938260e-01
8.793797067631533571e-01
8.725768981021466697e-01
8.617219994929934401e-01
8.480746201256890160e-01
8.353659955275424265e-01
8.210284958069899997e-01
8.088895473491394261e-01
7.958559456144940203e-01
7.849848406934255562e-01
7.737212697880080370e-01
7.642510262400722398e-01
7.547633940071447611e-01
7.466809134338303622e-01
7.388877953737114090e-01
7.321813400528889293e-01
7.260257704816603930e-01
7.207124299717730942e-01
7.161705370019046946e-01
7.122703235497451768e-01
7.093190723809208453e-01
7.068120434959965781e-01
7.053855348375199785e-01
7.041747344518211049e-01
7.041290460876170609e-01
7.040242085050638643e-01
7.051251881468159066e-01
7.058541375125935158e-01
7.077939576557527035e-01
7.090395801501950812e-01
7.114764612731295790e-01
7.129254138096179361e-01
7.155328367146130963e-01
7.169203897478817478e-01
7.194290905357831889e-01
7.205678215254069929e-01
7.227887550516454152e-01
7.235757202613968264e-01
7.254028238032097509e-01
7.258087954053685786e-01
7.272074239955417241e-01
7.272575103216392112e-01
7.282470486729157866e-01
7.280004843914840151e-01
7.286355977199667766e-01
7.281685630500350781e-01
7.285202641257055856e-01
7.279133308193467267e-01
7.280529223854980136e-01
7.273829444778354691e-01
7.273729736190370776e-01
7.267075261052811097e-01
5.748389188316530563e-01
5.418667140551254313e-01
5.460048207242114149e-01
6.058768058881137675e-01
6.454478219911682357e-01
6.944891485893889271e-01
7.315455321204880068e-01
7.707721541374372709e-01
8.005834924668231434e-01
8.264055394894014306e-01
8.378557929247135716e-01
8.434714714353329645e-01
8.419661782715941456e-01
8.362288323388752387e-01
8.289836335723463900e-01
8.191202501217729193e-01
8.101054438291619419e-01
7.995274298434317251e-01
7.904584938439209729e-01
7.805052209088698678e-01
7.720638383690079376e-01
7.632080255797487611e-01
7.556630031950003490e-01
7.480601758294986858e-01
7.415375130795134329e-01
7.352457584272256153e-01
7.298280125080599534e-01
7.248806973738194381e-01
7.206269483928362529e-01
7.170411588599762132e-01
7.139735133103675135e-01
7.117318973724662268e-01
7.098137562332147432e-01
7.088411146468941437e-01
7.079623810702742048e-01
7.081113633240707639e-01
7.080890135158131038e-01
7.091432025570190145e-01
7.097405902995321814e-01
7.114357493856381387e-01
7.123948990790764935e-01
7.144531146889531170e-01
7.155312420350770086e-01
7.176973305637828204e-01
7.186976811434779844e-01
7.207664856485698213e-01
7.215551426889156295e-01
7.233845675303594014e-01
7.238913384981779942e-01
7.254021946264150866e-01
7.256107414839767511e-01
7.267787277701294180e-01
7.267123347014957657e-01
7.275555244347227113e-01
7.272626763617591195e-01
7.278253962942399236e-01
7.273676704570219975e-01
7.277039835298586556e-01
7.271471553597599335e-01
7.273093668781438481e-01
2.367108090133333009e-01
2.522102540023376527e-01
3.639506204049893778e-01
4.335893700909737580e-01
4.955938461926759908e-01
5.486369907386097200e-01
5.987612252205576358e-01
6.441642871121658898e-01
6.881795395857639441e-01
7.270483842521282547e-01
7.615700570957693039e-01
7.849947657342114526e-01
8.018521116518320113e-01
8.106052020601230979e-01
8.137440118033072434e-01
8.134499109857469268e-01
8.093013546444562945e-01
8.046105827833178736e-01
7.974573106019924307e-01
7.910283006848773946e-01
7.830714522258680477e-01
7.762363994254873889e-01
7.685020274308612676e-01
7.619103157003180860e-01
7.548684377423389158e-01
7.488545485740082386e-01
7.427331594100934353e-01
7.374910746271419182e-01
7.324149169611554600e-01
7.280677300096820570e-01
7.241095530159902260e-01
7.207278614312118137e-01
7.179177268694127978e-01
7.155167371262682874e-01
7.138342477411115938e-01
7.123667651236960108e-01
7.117316803310893558e-01
7.110864730092278929e-01
7.113572085019750357e-01
7.113687504441317255e-01
7.123525110653492476e-01
7.128210345687235883e-01
7.142954789946941441e-01
7.150139282075970160e-01
7.167552208551648540e-01
7.175371145366520320e-01
7.193456857123646797e-01
7.200457319778228449e-01
7.217637182015177455e-01
7.222862607888120845e-01
7.238049877663099707e-01
7.241020090108696294e-01
7.253621609903525558e-01
7.254253255489817587e-01
7.264114814345402626e-01
7.262618098043822634e-01
7.269909737482813661e-01
7.266687513307803492e-01
7.271752608290631414e-01
7.267316653444584329e-01
6.639252386453209365e-02
2.367108090133333009e-01
3.390220194715899416e-01
3.865556742603321050e-01
4.387715501022327880e-01
4.751277517135733541e-01
5.167843272510772579e-01
5.526801544462824900e-01
5.921142214207293364e-01
6.293843810994841359e-01
6.675881859989274414e-01
7.025114193158592535e-01
7.318567345569519933e-01
7.553897723686495702e-01
7.723912666342631628e-01
7.832970892012121045e-01
7.901180397666416333e-01
7.920848502469171049e-01
7.924834169311247845e-01
7.894699293062517054e-01
7.864238985721657693e-01
7.811001524129097540e-01
7.764558114559824142e-01
7.703384867639637701e-01
7.651411986813557720e-01
7.590423037569343778e-01
7.538795732507862501e-01
7.482368203616122093e-01
7.434535664631269913e-01
7.385148235112739545e-01
7.343247931789957939e-01
7.302376811540707280e-01
7.267727460883643964e-01
7.236210831241285391e-01
7.209485746067997303e-01
7.187619454808916730e-01
7.168888488188038810e-01
7.156420016587379251e-01
7.145165071911636634e-01
7.141290241866771193e-01
7.136468216548326193e-01
7.139881955647895406e-01
7.140049467030737951e-01
7.149077604821627574e-01
7.152578802970964711e-01
7.165379558467140919e-01
7.170575355388344452e-01
7.185354504943900489e-01
7.190829396431067666e-01
7.206016818651548306e-01
7.210702646344999689e-01
7.225064997706669434e-01
7.228275591102849562e-01
7.240976317143936747e-01
7.242381232200758578e-01
7.252990758144348682e-01
7.252555479472660993e-01
7.260991552478064381e-01
7.258906110329244044e-01
7.265311776324194781e-01
2.367108090133333009e-01
3.890211886938474972e-01
4.024200393847845447e-01
4.430761912884761955e-01
4.560929672355729103e-01
4.833650375931715093e-01
4.992841333155404460e-01
5.249432746843580855e-01
5.455893606258792605e-01
5.735184871125932338e-01
5.995749952128683891e-01
6.305931116072085452e-01
6.597256139075795556e-01
6.884579315100929353e-01
7.130741249275096560e-01
7.342543637141465407e-01
7.499885599341795661e-01
7.624096731388761983e-01
7.696588178006664727e-01
7.750257756039492518e-01
7.762795664398851603e-01
7.769864194969675619e-01
7.747000159017333187e-01
7.726971040340172570e-01
7.686120633920829892e-01
7.652106931481481578e-01
7.604115480455846399e-01
7.564329281611839040e-01
7.515665441333605479e-01
7.475205041558495855e-01
7.429745181992998271e-01
7.391836654800609807e-01
7.351961489482328194e-01
7.318662613649355997e-01
7.285834022808468369e-01
7.258384134556974399e-01
7.233402841360316859e-01
7.212383749666904098e-01
7.195484905852764790e-01
7.180896402526116828e-01
7.171790448265763507e-01
7.163119380133521341e-01
7.161034999225259767e-01
7.157343804340219329e-01
7.161112958881278301e-01
7.161169005284737654e-01
7.169368509816077539e-01
7.171823539500105094e-01
7.182943199372304743e-01
7.186522313839478482e-01
7.199120682885000733e-01
7.202760170046431654e-01
7.215584783431394644e-01
7.218498564212845192e-01
7.230577977149662550e-01
7.232269303625169510e-01
7.242973613842711433e-01
7.243212748939434897e-01
7.252248423117588771e-01
7.251032942539168413e-01
5.748389188316533893e-01
5.163385831632627543e-01
5.282954028092102794e-01
5.161742537932439978e-01
5.256398855756989619e-01
5.233867483657326236e-01
5.337449796240565369e-01
5.374701785092491635e-01
5.504693466791628076e-01
5.599015143367578329e-01
5.769778830045818596e-01
5.926147746464111021e-01
6.145889379730109514e-01
6.356389740807444344e-01
6.595655930554096269e-01
6.810794163829222425e-01
7.022553768659821616e-01
7.193253088845803500e-01
7.347328585270205270e-01
7.454165276049677935e-01
7.546579615278110609e-01
7.595689296122668521e-01
7.638171518536707172e-01
7.645723713389411813e-01
7.653720312075225074e-01
7.635459704600890962e-01
7.622111850040294012e-01
7.589850337175528816e-01
7.564665031893930136e-01
7.526359479249322693e-01
7.495785680851119182e-01
7.456588898071809801e-01
7.424922525891752834e-01
7.388154715240143888e-01
7.358243722128545716e-01
7.326043480198158875e-01
7.299729378345789499e-01
7.273421069593380972e-01
7.251791970497539763e-01
7.232070914050559018e-01
7.215600548279230697e-01
7.202628843319263119e-01
7.191272893798716925e-01
7.184739679501009890e-01
7.178016251294503380e-01
7.177205237723016662e-01
7.174288423695892591e-01
7.178181566098554844e-01
7.178039457855802663e-01
7.185445756085371283e-01
7.187005834740959331e-01
7.196688640332422615e-01
7.198975733373766950e-01
7.209761524349276307e-01
7.211979416671676635e-01
7.222859039209696963e-01
7.224424731125194121e-01
7.234646236856474566e-01
7.235194474833588352e-01
7.244305348648573117e-01
8.214944882050547736e-01
6.836194794230803229e-01
6.368286390055331037e-01
6.158369973264596897e-01
5.961713561605845868e-01
5.899911910201531828e-01
5.805182281527718757e-01
5.803737479836926783e-01
5.771149074038584015e-01
5.813464917227803008e-01
5.834398222832122283e-01
5.921645754677343776e-01
5.999036910668851252e-01
6.137382533442858890e-01
6.271618782662713443e-01
6.448323717608919203e-01
6.613060883705672577e-01
6.796055249389811870e-01
6.952206578288481209e-01
7.109290681490776365e-01
7.228606433906461515e-01
7.342678455204180166e-01
7.416432471111420455e-01
7.486408978933805081e-01
7.519896247333871520e-01
7.553692193299011981e-01
7.557563984516114663e-01
7.565420677429078866e-01
7.550158211400781472e-01
7.541192713292087513e-01
7.515080455950685634e-01
7.496309394110490798e-01
7.465296543981729815e-01
7.441783271674728972e-01
7.409972319363870019e-01
7.385262881395617818e-01
7.355435128272267420e-01
7.331950969912801597e-01
7.305947518748234781e-01
7.285266616027515907e-01
7.264223036773392872e-01
7.247260464825084902e-01
7.231747844710580964e-01
7.218881524726585841e-01
7.208992631781454552e-01
7.200150905929056933e-01
7.195568283308664270e-01
7.190304958808075853e-01
7.190385135328207777e-01
7.187986140226994003e-01
7.191861086222665067e-01
7.191486956745432035e-01
7.198164911263640331e-01
7.198983192924959251e-01
7.207437239824618924e-01
7.208709786663773933e-01
7.217971819264515920e-01
7.219099789032363823e-01
7.228368195820455977e-01
7.228911986998405315e-01
9.213534216166033852e-01
8.478880591444195591e-01
7.494453603159870747e-01
7.086112410979052978e-01
6.774715594848426115e-01
6.553365966298864143e-01
6.410751145689368435e-01
6.279933485439515017e-01
6.213593370715696507e-01
6.140409987038107920e-01
6.123788217625389940e-01
6.098018138725280757e-01
6.125382421450469295e-01
6.147645022102083967e-01
6.222035467251929575e-01
6.295225032079720950e-01
6.412359374235012677e-01
6.524747182035726123e-01
6.666230796651544388e-01
6.792236400328401924e-01
6.932484400895437826e-01
7.045731827967471883e-01
7.163803815562831412e-01
7.248139620340436906e-01
7.334097613891423784e-01
7.385562968198261524e-01
7.439352071899898444e-01
7.462039876150373674e-01
7.489066144115971158e-01
7.490194045986403593e-01
7.497459893302492739e-01
7.484257096896667072e-01
7.478257424317978908e-01
7.456697435912462701e-01
7.442688361230223038e-01
7.417286939999103712e-01
7.399243381551167120e-01
7.373267180076513716e-01
7.354071706139078124e-01
7.329812636861696706e-01
7.311474238713595586e-01
7.290469733901593363e-01
7.274301203464448307e-01
7.257491936273753330e-01
7.244249304377675669e-01
7.232084719814451113e-01
7.222064016987328472e-01
7.214577604146507062e-01
7.207681088298809602e-01
7.204566991398766440e-01
7.200386352305420123e-01
7.201084624687508207e-01
7.199023026311048845e-01
7.202800399780802110e-01
7.202198001938718841e-01
7.208214962117275304e-01
7.208438048684033816e-01
7.215825744127215557e-01
7.216315397858027447e-01
7.224283633321859632e-01
9.458477885207332569e-01
9.262526431096875790e-01
8.678221196032911422e-01
7.937665564453270095e-01
7.571658428279028907e-01
7.235743421088576266e-01
7.008666334666556752e-01
6.824719927353420923e-01
6.675657750124850409e-01
6.569149358306461961e-01
6.471910582197379913e-01
6.415734606681702257e-01
6.360147649503060663e-01
6.345428891705029439e-01
6.330278216952569537e-01
6.357226744168418264e-01
6.385193060360495609e-01
6.452758249321629558e-01
6.519628165035362688e-01
6.618448172063078339e-01
6.709547062006602225e-01
6.822405638338289169e-01
6.917740454553147345e-01
7.025956568830500348e-01
7.108385677017116100e-01
7.198375277085102830e-01
7.258488522121764319e-01
7.324277946301704922e-01
7.360312764454305379e-01
7.402191994093965111e-01
7.417239502202346291e-01
7.438987728696395685e-01
7.438094552245915203e-01
7.444640685030219363e-01
7.432948854910904624e-01
7.429025902237773593e-01
7.410943325329630849e-01
7.400535464295093790e-01
7.379533571523732016e-01
7.365758012519396658e-01
7.344436705880932337e-01
7.329611823396243730e-01
7.309833525416449262e-01
7.295596370345063253e-01
7.278619027519286355e-01
7.266048934716962115e-01
7.252631990907282278e-01
7.242346786578655049e-01
7.232829774423304992e-01
7.225044948770450448e-01
7.219420865838218626e-01
7.214013500570853887e-01
7.212005311544902320e-01
7.208617340292586828e-01
7.209745705438785901e-01
7.207902285230654016e-01
7.211534161727632952e-01
7.210733521253063216e-01
7.216138012370117982e-01
7.215900616840453807e-01
9.496090762700905019e-01
9.465251075352018040e-01
9.302692002503341051e-01
8.832308980235422657e-01
8.255345819449323441e-01
7.924407870710664659e-01
7.594139140349790429e-01
7.369662209203537984e-01
7.166164987009923104e-01
7.008394774835389196e-01
6.877275843258687793e-01
6.765674303855202520e-01
6.682900499115631554e-01
6.608071863381268507e-01
6.563833318430871699e-01
6.523395546751500351e-01
6.515895677032461641e-01
6.511490325702469217e-01
6.540404654455924671e-01
6.571068620780818881e-01
6.631995358639157789e-01
6.690107411148231709e-01
6.772619118197962251e-01
6.844825392208280235e-01
6.934815383631391938e-01
7.006570029595851068e-01
7.090769989541247931e-01
7.150959668453791274e-01
7.220433446101546249e-01
7.263443442370791647e-01
7.314478388803635767e-01
7.339593904703645144e-01
7.372575077545533428e-01
7.382143155259390799e-01
7.399779564131524490e-01
7.397431837457962844e-01
7.403283105304573342e-01
7.392775138821199299e-01
7.390355104856983770e-01
7.375004901341043473e-01
7.367357868893784634e-01
7.349859910576277411e-01
7.339428334356822292e-01
7.321846219922000243e-01
7.310478492501840675e-01
7.294310770071601446e-01
7.283333998981187385e-01
7.269594683544414737e-01
7.259891861753096087e-01
7.249180287307790405e-01
7.241237287655639676e-01
7.233805499951377893e-01
7.227756971570229449e-01
7.223579890090032762e-01
7.219294477392377285e-01
7.218129502038508338e-01
7.215319349775811686e-01
7.216741415481366939e-01
7.215050398103728391e-01
7.218488007865045963e-01
9.499761202484023892e-01
9.496687780107362364e-01
9.470807210276579458e-01
9.335577703596552590e-01
8.953284888463368674e-01
8.492416892640491932e-01
8.192417044288673456e-01
7.879946894158260662e-01
7.662021528906578505e-01
7.451458908603112441e-01
7.290390677549655196e-01
7.144735254057688056e-01
7.024702458550295958e-01
6.924151151493710410e-01
6.836837867947478387e-01
6.771875481378262229e-01
6.714289825358770170e-01
6.681929610992261015e-01
6.654655109350559039e-01
6.654356650708415089e-01
6.657532462592223865e-01
6.687258571303735799e-01
6.717252385303160711e-01
6.771094900735671329e-01
6.819707854808988445e-01
6.888057819768733658e-01
6.944435139283886560e-01
7.016341385570383782e-01
7.070160772037470398e-01
7.136239178431326158e-01
7.180223053964431834e-01
7.234480753086869331e-01
7.265204781219317676e-01
7.305267427827238924e-01
7.322533102756920709e-01
7.348788115976079283e-01
7.354399850344565115e-01
7.368836354773096176e-01
7.365476184697687945e-01
7.370720852473091611e-01
7.361197455395491751e-01
7.359893190728847845e-01
7.346743348861999312e-01
7.341230107148255524e-01
7.326554181974368474e-01
7.318744213292115441e-01
7.304176909502309023e-01
7.295546579361198436e-01
7.282287068821924336e-01
7.273910524636755248e-01
7.262767200266981860e-01
7.255342283908041701e-01
7.246785801159681961e-01
7.240666561277806501e-01
7.234889168563835016e-01
7.230156167285499702e-01
7.227122592526923350e-01
7.223676101012754813e-01
7.223151614689813371e-01
7.220787255205314281e-01
0.000000000000000000e+00
0.000000000000000000e+00
0.000000000000000000e+00
0.000000000000000000e+00
0.000000000000000000e+00
0.000000000000000000e+00
0.000000000000000000e+00
0.000000000000000000e+00
0.000000000000000000e+00
0.000000000000000000e+00
0.000000000000000000e+00
0.000000000000000000e+00
0.000000000000000000e+00
0.000000000000000000e+00
0.000000000000000000e+00
0.000000000000000000e+00
0.000000000000000000e+00
0.000000000000000000e+00
0.000000000000000000e+00
0.000000000000000000e+00
0.000000000000000000e+00
0.000000000000000000e+00
0.000000000000000000e+00
0.000000000000000000e+00
0.000000000000000000e+00
0.000000000000000000e+00
0.000000000000000000e+00
0.000000000000000000e+00
0.000000000000000000e+00
0.000000000000000000e+00
0.000000000000000000e+00
0.000000000000000000e+00
0.000000000000000000e+00
0.000000000000000000e+00
0.000000000000000000e+00
0.000000000000000000e+00
0.000000000000000000e+00
0.000000000000000000e+00
0.000000000000000000e+00
0.000000000000000000e+00
0.000000000000000000e+00
0.000000000000000000e+00
0.000000000000000000e+00
0.000000000000000000e+00
0.000000000000000000e+00
0.000000000000000000e+00
0.000000000000000000e+00
0.000000000000000000e+00
0.000000000000000000e+00
0.000000000000000000e+00
0.000000000000000000e+00
0.000000000000000000e+00
0.000000000000000000e+00
0.000000000000000000e+00
0.000000000000000000e+00
0.000000000000000000e+00
0.000000000000000000e+00
0.000000000000000000e+00
0.000000000000000000e+00
0.000000000000000000e+00
0.000000000000000000e+00
0.000000000000000000e+00
0.000000000000000000e+00
0.000000000000000000e+00
0.000000000000000000e+00
0.000000000000000000e+00
0.000000000000000000e+00
0.000000000000000000e+00
0.000000000000000000e+00
0.000000000000000000e+00
0.000000000000000000e+00
0.000000000000000000e+00
0.000000000000000000e+00
0.000000000000000000e+00
0.000000000000000000e+00
0.000000000000000000e+00
0.000000000000000000e+00
0.000000000000000000e+00
0.000000000000000000e+00
0.000000000000000000e+00
0.000000000000000000e+00
0.000000000000000000e+00
0.000000000000000000e+00
0.000000000000000000e+00
0.000000000000000000e+00
0.000000000000000000e+00
0.000000000000000000e+00
0.000000000000000000e+00
0.000000000000000000e+00
0.000000000000000000e+00
0.000000000000000000e+00
0.000000000000000000e+00
0.000000000000000000e+00
0.000000000000000000e+00
0.000000000000000000e+00
0.000000000000000000e+00
0.000000000000000000e+00
0.000000000000000000e+00
0.000000000000000000e+00
0.000000000000000000e+00
0.000000000000000000e+00
0.000000000000000000e+00
0.000000000000000000e+00
0.000000000000000000e+00
0.000000000000000000e+00
0.000000000000000000e+00
0.000000000000000000e+00
0.000000000000000000e+00
0.000000000000000000e+00
0.000000000000000000e+00
0.000000000000000000e+00
0.000000000000000000e+00
0.000000000000000000e+00
0.000000000000000000e+00
0.000000000000000000e+00
0.000000000000000000e+00
0.000000000000000000e+00
0.000000000000000000e+00
0.000000000000000000e+00
0.000000000000000000e+00
0.000000000000000000e+00
0.000000000000000000e+00
0.000000000000000000e+00
0.000000000000000000e+00
0.000000000000000000e+00
0.000000000000000000e+00
0.000000000000000000e+00
0.000000000000000000e+00
0.000000000000000000e+00
0.000000000000000000e+00
0.000000000000000000e+00
0.000000000000000000e+00
0.000000000000000000e+00
0.000000000000000000e+00
0.000000000000000000e+00
0.000000000000000000e+00
0.000000000000000000e+00
0.000000000000000000e+00
0.000000000000000000e+00
0.000000000000000000e+00
0.000000000000000000e+00
0.000000000000000000e+00
0.000000000000000000e+00
0.000000000000000000e+00
0.000000000000000000e+00
0.000000000000000000e+00
0.000000000000000000e+00
0.000000000000000000e+00
0.000000000000000000e+00
0.000000000000000000e+00
0.000000000000000000e+00
0.000000000000000000e+00
0.000000000000000000e+00
0.000000000000000000e+00
0.000000000000000000e+00
0.000000000000000000e+00
0.000000000000000000e+00
0.000000000000000000e+00
0.000000000000000000e+00
0.000000000000000000e+00
0.000000000000000000e+00
0.000000000000000000e+00
0.000000000000000000e+00
0.000000000000000000e+00
0.000000000000000000e+00
0.000000000000000000e+00
0.000000000000000000e+00
0.000000000000000000e+00
0.000000000000000000e+00
0.000000000000000000e+00
0.000000000000000000e+00
0.000000000000000000e+00
0.000000000000000000e+00
0.000000000000000000e+00
0.000000000000000000e+00
0.000000000000000000e+00
0.000000000000000000e+00
0.000000000000000000e+00
0.000000000000000000e+00
0.000000000000000000e+00
0.000000000000000000e+00
0.000000000000000000e+00
0.000000000000000000e+00
0.000000000000000000e+00
0.000000000000000000e+00
0.000000000000000000e+00
0.000000000000000000e+00
0.000000000000000000e+00
0.000000000000000000e+00
0.000000000000000000e+00
0.000000000000000000e+00
0.000000000000000000e+00
0.000000000000000000e+00
0.000000000000000000e+00
0.000000000000000000e+00
0.000000000000000000e+00
0.000000000000000000e+00
0.000000000000000000e+00
0.000000000000000000e+00
0.000000000000000000e+00
0.000000000000000000e+00
0.000000000000000000e+00
0.000000000000000000e+00
0.000000000000000000e+00
0.000000000000000000e+00
0.000000000000000000e+00
0.000000000000000000e+00
0.000000000000000000e+00
0.000000000000000000e+00
0.000000000000000000e+00
0.000000000000000000e+00
0.000000000000000000e+00
0.000000000000000000e+00
0.000000000000000000e+00
0.000000000000000000e+00
0.000000000000000000e+00
0.000000000000000000e+00
0.000000000000000000e+00
0.000000000000000000e+00
0.000000000000000000e+00
0.000000000000000000e+00
0.000000000000000000e+00
0.000000000000000000e+00
0.000000000000000000e+00
0.000000000000000000e+00
0.000000000000000000e+00
0.000000000000000000e+00
0.000000000000000000e+00
0.000000000000000000e+00
0.000000000000000000e+00
0.000000000000000000e+00
0.000000000000000000e+00
0.000000000000000000e+00
0.000000000000000000e+00
0.000000000000000000e+00
0.000000000000000000e+00
0.000000000000000000e+00
0.000000000000000000e+00
0.000000000000000000e+00
0.000000000000000000e+00
0.000000000000000000e+00
0.000000000000000000e+00
0.000000000000000000e+00
0.000000000000000000e+00
0.000000000000000000e+00
0.000000000000000000e+00
0.000000000000000000e+00
0.000000000000000000e+00
0.000000000000000000e+00
0.000000000000000000e+00
0.000000000000000000e+00
0.000000000000000000e+00
0.000000000000000000e+00
0.000000000000000000e+00
0.000000000000000000e+00
0.000000000000000000e+00
0.000000000000000000e+00
0.000000000000000000e+00
0.000000000000000000e+00
0.000000000000000000e+00
0.000000000000000000e+00
0.000000000000000000e+00
0.000000000000000000e+00
0.000000000000000000e+00
0.000000000000000000e+00
0.000000000000000000e+00
0.000000000000000000e+00
0.000000000000000000e+00
0.000000000000000000e+00
0.000000000000000000e+00
0.000000000000000000e+00
0.000000000000000000e+00
0.000000000000000000e+00
0.000000000000000000e+00
0.000000000000000000e+00
0.000000000000000000e+00
0.000000000000000000e+00
0.000000000000000000e+00
0.000000000000000000e+00
0.000000000000000000e+00
0.000000000000000000e+00
0.000000000000000000e+00
0.000000000000000000e+00
0.000000000000000000e+00
0.000000000000000000e+00
0.000000000000000000e+00
0.000000000000000000e+00
0.000000000000000000e+00
0.000000000000000000e+00
0.000000000000000000e+00
0.000000000000000000e+00
0.000000000000000000e+00
0.000000000000000000e+00
0.000000000000000000e+00
0.000000000000000000e+00
0.000000000000000000e+00
0.000000000000000000e+00
0.000000000000000000e+00
0.000000000000000000e+00
0.000000000000000000e+00
0.000000000000000000e+00
0.000000000000000000e+00
0.000000000000000000e+00
0.000000000000000000e+00
0.000000000000000000e+00
0.000000000000000000e+00
0.000000000000000000e+00
0.000000000000000000e+00
0.000000000000000000e+00
0.000000000000000000e+00
0.000000000000000000e+00
0.000000000000000000e+00
0.000000000000000000e+00
0.000000000000000000e+00
0.000000000000000000e+00
0.000000000000000000e+00
0.000000000000000000e+00
0.000000000000000000e+00
0.000000000000000000e+00
0.000000000000000000e+00
0.000000000000000000e+00
0.000000000000000000e+00
0.000000000000000000e+00
0.000000000000000000e+00
0.000000000000000000e+00
0.000000000000000000e+00
0.000000000000000000e+00
0.000000000000000000e+00
0.000000000000000000e+00
0.000000000000000000e+00
0.000000000000000000e+00
0.000000000000000000e+00
0.000000000000000000e+00
0.000000000000000000e+00
0.000000000000000000e+00
0.000000000000000000e+00
0.000000000000000000e+00
0.000000000000000000e+00
0.000000000000000000e+00
0.000000000000000000e+00
0.000000000000000000e+00
0.000000000000000000e+00
0.000000000000000000e+00
0.000000000000000000e+00
0.000000000000000000e+00
0.000000000000000000e+00
0.000000000000000000e+00
0.000000000000000000e+00
0.000000000000000000e+00
0.000000000000000000e+00
0.000000000000000000e+00
0.000000000000000000e+00
0.000000000000000000e+00
0.000000000000000000e+00
0.000000000000000000e+00
0.000000000000000000e+00
0.000000000000000000e+00
0.000000000000000000e+00
0.000000000000000000e+00
0.000000000000000000e+00
0.000000000000000000e+00
0.000000000000000000e+00
0.000000000000000000e+00
0.000000000000000000e+00
0.000000000000000000e+00
0.000000000000000000e+00
0.000000000000000000e+00
0.000000000000000000e+00
0.000000000000000000e+00
0.000000000000000000e+00
0.000000000000000000e+00
0.000000000000000000e+00
0.000000000000000000e+00
0.000000000000000000e+00
0.000000000000000000e+00
0.000000000000000000e+00
0.000000000000000000e+00
0.000000000000000000e+00
0.000000000000000000e+00
0.000000000000000000e+00
0.000000000000000000e+00
0.000000000000000000e+00
0.000000000000000000e+00
0.000000000000000000e+00
0.000000000000000000e+00
0.000000000000000000e+00
0.000000000000000000e+00
0.000000000000000000e+00
0.000000000000000000e+00
0.000000000000000000e+00
0.000000000000000000e+00
0.000000000000000000e+00
0.000000000000000000e+00
0.000000000000000000e+00
0.000000000000000000e+00
0.000000000000000000e+00
0.000000000000000000e+00
0.000000000000000000e+00
0.000000000000000000e+00
0.000000000000000000e+00
0.000000000000000000e+00
0.000000000000000000e+00
0.000000000000000000e+00
0.000000000000000000e+00
0.000000000000000000e+00
0.000000000000000000e+00
0.000000000000000000e+00
0.000000000000000000e+00
0.000000000000000000e+00
0.000000000000000000e+00
0.000000000000000000e+00
0.000000000000000000e+00
0.000000000000000000e+00
0.000000000000000000e+00
0.000000000000000000e+00
0.000000000000000000e+00
0.000000000000000000e+00
0.000000000000000000e+00
0.000000000000000000e+00
0.000000000000000000e+00
0.000000000000000000e+00
0.000000000000000000e+00
0.000000000000000000e+00
0.000000000000000000e+00
0.000000000000000000e+00
0.000000000000000000e+00
0.000000000000000000e+00
0.000000000000000000e+00
0.000000000000000000e+00
0.000000000000000000e+00
0.000000000000000000e+00
0.000000000000000000e+00
0.000000000000000000e+00
0.000000000000000000e+00
0.000000000000000000e+00
0.000000000000000000e+00
0.000000000000000000e+00
0.000000000000000000e+00
0.000000000000000000e+00
0.000000000000000000e+00
0.000000000000000000e+00
0.000000000000000000e+00
0.000000000000000000e+00
0.000000000000000000e+00
0.000000000000000000e+00
0.000000000000000000e+00
0.000000000000000000e+00
0.000000000000000000e+00
0.000000000000000000e+00
0.000000000000000000e+00
0.000000000000000000e+00
0.000000000000000000e+00
0.000000000000000000e+00
0.000000000000000000e+00
0.000000000000000000e+00
0.000000000000000000e+00
0.000000000000000000e+00
0.000000000000000000e+00
0.000000000000000000e+00
0.000000000000000000e+00
0.000000000000000000e+00
0.000000000000000000e+00
0.000000000000000000e+00
0.000000000000000000e+00
0.000000000000000000e+00
0.000000000000000000e+00
0.000000000000000000e+00
0.000000000000000000e+00
0.000000000000000000e+00
0.000000000000000000e+00
0.000000000000000000e+00
0.000000000000000000e+00
0.000000000000000000e+00
0.000000000000000000e+00
0.000000000000000000e+00
0.000000000000000000e+00
0.000000000000000000e+00
0.000000000000000000e+00
0.000000000000000000e+00
0.000000000000000000e+00
0.000000000000000000e+00
0.000000000000000000e+00
0.000000000000000000e+00
0.000000000000000000e+00
0.000000000000000000e+00
0.000000000000000000e+00
0.000000000000000000e+00
0.000000000000000000e+00
0.000000000000000000e+00
0.000000000000000000e+00
0.000000000000000000e+00
0.000000000000000000e+00
0.000000000000000000e+00
0.000000000000000000e+00
0.000000000000000000e+00
0.000000000000000000e+00
0.000000000000000000e+00
0.000000000000000000e+00
0.000000000000000000e+00
0.000000000000000000e+00
0.000000000000000000e+00
0.000000000000000000e+00
0.000000000000000000e+00
0.000000000000000000e+00
0.000000000000000000e+00
0.000000000000000000e+00
0.000000000000000000e+00
0.000000000000000000e+00
0.000000000000000000e+00
0.000000000000000000e+00
0.000000000000000000e+00
0.000000000000000000e+00
0.000000000000000000e+00
0.000000000000000000e+00
0.000000000000000000e+00
0.000000000000000000e+00
0.000000000000000000e+00
0.000000000000000000e+00
0.000000000000000000e+00
0.000000000000000000e+00
0.000000000000000000e+00
0.000000000000000000e+00
0.000000000000000000e+00
0.000000000000000000e+00
0.000000000000000000e+00
0.000000000000000000e+00
0.000000000000000000e+00
0.000000000000000000e+00
0.000000000000000000e+00
0.000000000000000000e+00
0.000000000000000000e+00
0.000000000000000000e+00
0.000000000000000000e+00
0.000000000000000000e+00
0.000000000000000000e+00
0.000000000000000000e+00
0.000000000000000000e+00
0.000000000000000000e+00
0.000000000000000000e+00
0.000000000000000000e+00
0.000000000000000000e+00
0.000000000000000000e+00
0.000000000000000000e+00
0.000000000000000000e+00
0.000000000000000000e+00
0.000000000000000000e+00
0.000000000000000000e+00
0.000000000000000000e+00
0.000000000000000000e+00
0.000000000000000000e+00
0.000000000000000000e+00
0.000000000000000000e+00
0.000000000000000000e+00
0.000000000000000000e+00
0.000000000000000000e+00
0.000000000000000000e+00
0.000000000000000000e+00
0.000000000000000000e+00
0.000000000000000000e+00
0.000000000000000000e+00
0.000000000000000000e+00
0.000000000000000000e+00
0.000000000000000000e+00
0.000000000000000000e+00
0.000000000000000000e+00
0.000000000000000000e+00
0.000000000000000000e+00
0.000000000000000000e+00
0.000000000000000000e+00
0.000000000000000000e+00
0.000000000000000000e+00
0.000000000000000000e+00
0.000000000000000000e+00
0.000000000000000000e+00
0.000000000000000000e+00
0.000000000000000000e+00
0.000000000000000000e+00
0.000000000000000000e+00
0.000000000000000000e+00
0.000000000000000000e+00
0.000000000000000000e+00
0.000000000000000000e+00
0.000000000000000000e+00
0.000000000000000000e+00
0.000000000000000000e+00
0.000000000000000000e+00
0.000000000000000000e+00
0.000000000000000000e+00
0.000000000000000000e+00
0.000000000000000000e+00
0.000000000000000000e+00
0.000000000000000000e+00
0.000000000000000000e+00
0.000000000000000000e+00
0.000000000000000000e+00
0.000000000000000000e+00
0.000000000000000000e+00
0.000000000000000000e+00
0.000000000000000000e+00
0.000000000000000000e+00
0.000000000000000000e+00
0.000000000000000000e+00
0.000000000000000000e+00
0.000000000000000000e+00
0.000000000000000000e+00
0.000000000000000000e+00
0.000000000000000000e+00
0.000000000000000000e+00
0.000000000000000000e+00
0.000000000000000000e+00
0.000000000000000000e+00
0.000000000000000000e+00
0.000000000000000000e+00
0.000000000000000000e+00
0.000000000000000000e+00
0.000000000000000000e+00
0.000000000000000000e+00
0.000000000000000000e+00
0.000000000000000000e+00
0.000000000000000000e+00
0.000000000000000000e+00
0.000000000000000000e+00
0.000000000000000000e+00
0.000000000000000000e+00
0.000000000000000000e+00
0.000000000000000000e+00
0.000000000000000000e+00
0.000000000000000000e+00
0.000000000000000000e+00
0.000000000000000000e+00
0.000000000000000000e+00
0.000000000000000000e+00
0.000000000000000000e+00
0.000000000000000000e+00
0.000000000000000000e+00
0.000000000000000000e+00
0.000000000000000000e+00
0.000000000000000000e+00
0.000000000000000000e+00
0.000000000000000000e+00
0.000000000000000000e+00
0.000000000000000000e+00
0.000000000000000000e+00
0.000000000000000000e+00
0.000000000000000000e+00
0.000000000000000000e+00
0.000000000000000000e+00
0.000000000000000000e+00
0.000000000000000000e+00
0.000000000000000000e+00
0.000000000000000000e+00
0.000000000000000000e+00
0.000000000000000000e+00
0.000000000000000000e+00
0.000000000000000000e+00
0.000000000000000000e+00
0.000000000000000000e+00
0.000000000000000000e+00
0.000000000000000000e+00
0.000000000000000000e+00
0.000000000000000000e+00
0.000000000000000000e+00
0.000000000000000000e+00
0.000000000000000000e+00
0.000000000000000000e+00
0.000000000000000000e+00
0.000000000000000000e+00
0.000000000000000000e+00
0.000000000000000000e+00
0.000000000000000000e+00
0.000000000000000000e+00
0.000000000000000000e+00
0.000000000000000000e+00
0.000000000000000000e+00
0.000000000000000000e+00
0.000000000000000000e+00
0.000000000000000000e+00
0.000000000000000000e+00
0.000000000000000000e+00
0.000000000000000000e+00
0.000000000000000000e+00
0.000000000000000000e+00
0.000000000000000000e+00
0.000000000000000000e+00
0.000000000000000000e+00
0.000000000000000000e+00
0.000000000000000000e+00
0.000000000000000000e+00
0.000000000000000000e+00
0.000000000000000000e+00
0.000000000000000000e+00
0.000000000000000000e+00
0.000000000000000000e+00
0.000000000000000000e+00
0.000000000000000000e+00
0.000000000000000000e+00
0.000000000000000000e+00
0.000000000000000000e+00
0.000000000000000000e+00
0.000000000000000000e+00
0.000000000000000000e+00
0.000000000000000000e+00
0.000000000000000000e+00
0.000000000000000000e+00
0.000000000000000000e+00
0.000000000000000000e+00
0.000000000000000000e+00
0.000000000000000000e+00
0.000000000000000000e+00
0.000000000000000000e+00
0.000000000000000000e+00
0.000000000000000000e+00
0.000000000000000000e+00
0.000000000000000000e+00
0.000000000000000000e+00
0.000000000000000000e+00
0.000000000000000000e+00
0.000000000000000000e+00
0.000000000000000000e+00
0.000000000000000000e+00
0.000000000000000000e+00
0.000000000000000000e+00
0.000000000000000000e+00
0.000000000000000000e+00
0.000000000000000000e+00
0.000000000000000000e+00
0.000000000000000000e+00
0.000000000000000000e+00
0.000000000000000000e+00
0.000000000000000000e+00
0.000000000000000000e+00
0.000000000000000000e+00
0.000000000000000000e+00
0.000000000000000000e+00
0.000000000000000000e+00
0.000000000000000000e+00
0.000000000000000000e+00
0.000000000000000000e+00
0.000000000000000000e+00
0.000000000000000000e+00
0.000000000000000000e+00
0.000000000000000000e+00
0.000000000000000000e+00
0.000000000000000000e+00
0.000000000000000000e+00
0.000000000000000000e+00
0.000000000000000000e+00
0.000000000000000000e+00
0.000000000000000000e+00
0.000000000000000000e+00
0.000000000000000000e+00
0.000000000000000000e+00
0.000000000000000000e+00
0.000000000000000000e+00
0.000000000000000000e+00
0.000000000000000000e+00
0.000000000000000000e+00
0.000000000000000000e+00
0.000000000000000000e+00
0.000000000000000000e+00
0.000000000000000000e+00
0.000000000000000000e+00
0.000000000000000000e+00
0.000000000000000000e+00
0.000000000000000000e+00
0.000000000000000000e+00
0.000000000000000000e+00
0.000000000000000000e+00
0.000000000000000000e+00
0.000000000000000000e+00
0.000000000000000000e+00
0.000000000000000000e+00
0.000000000000000000e+00
0.000000000000000000e+00
0.000000000000000000e+00
0.000000000000000000e+00
0.000000000000000000e+00
0.000000000000000000e+00
0.000000000000000000e+00
0.000000000000000000e+00
0.000000000000000000e+00
0.000000000000000000e+00
0.000000000000000000e+00
0.000000000000000000e+00
0.000000000000000000e+00
0.000000000000000000e+00
0.000000000000000000e+00
0.000000000000000000e+00
0.000000000000000000e+00
0.000000000000000000e+00
0.000000000000000000e+00
0.000000000000000000e+00
0.000000000000000000e+00
0.000000000000000000e+00
0.000000000000000000e+00
0.000000000000000000e+00
0.000000000000000000e+00
0.000000000000000000e+00
0.000000000000000000e+00
0.000000000000000000e+00
0.000000000000000000e+00
0.000000000000000000e+00
0.000000000000000000e+00
0.000000000000000000e+00
0.000000000000000000e+00
0.000000000000000000e+00
0.000000000000000000e+00
0.000000000000000000e+00
0.000000000000000000e+00
0.000000000000000000e+00
0.000000000000000000e+00
0.000000000000000000e+00
0.000000000000000000e+00
0.000000000000000000e+00
0.000000000000000000e+00
0.000000000000000000e+00
0.000000000000000000e+00
0.000000000000000000e+00
0.000000000000000000e+00
0.000000000000000000e+00
0.000000000000000000e+00
0.000000000000000000e+00
0.000000000000000000e+00
0.000000000000000000e+00
0.000000000000000000e+00
0.000000000000000000e+00
0.000000000000000000e+00
0.000000000000000000e+00
0.000000000000000000e+00
0.000000000000000000e+00
0.000000000000000000e+00
0.000000000000000000e+00
0.000000000000000000e+00
0.000000000000000000e+00
0.000000000000000000e+00
0.000000000000000000e+00
0.000000000000000000e+00
0.000000000000000000e+00
0.000000000000000000e+00
0.000000000000000000e+00
0.000000000000000000e+00
0.000000000000000000e+00
0.000000000000000000e+00
0.000000000000000000e+00
0.000000000000000000e+00
0.000000000000000000e+00
0.000000000000000000e+00
0.000000000000000000e+00
0.000000000000000000e+00
0.000000000000000000e+00
0.000000000000000000e+00
0.000000000000000000e+00
0.000000000000000000e+00
0.000000000000000000e+00
0.000000000000000000e+00
0.000000000000000000e+00
0.000000000000000000e+00
0.000000000000000000e+00
0.000000000000000000e+00
0.000000000000000000e+00
0.000000000000000000e+00
0.000000000000000000e+00
0.000000000000000000e+00
0.000000000000000000e+00
0.000000000000000000e+00
0.000000000000000000e+00
0.000000000000000000e+00
0.000000000000000000e+00
0.000000000000000000e+00
0.000000000000000000e+00
0.000000000000000000e+00
0.000000000000000000e+00
0.000000000000000000e+00
0.000000000000000000e+00
0.000000000000000000e+00
0.000000000000000000e+00
0.000000000000000000e+00
0.000000000000000000e+00
0.000000000000000000e+00
0.000000000000000000e+00
0.000000000000000000e+00
0.000000000000000000e+00
0.000000000000000000e+00
0.000000000000000000e+00
0.000000000000000000e+00
0.000000000000000000e+00
0.000000000000000000e+00
0.000000000000000000e+00
0.000000000000000000e+00
0.000000000000000000e+00
0.000000000000000000e+00
0.000000000000000000e+00
0.000000000000000000e+00
0.000000000000000000e+00
0.000000000000000000e+00
0.000000000000000000e+00
0.000000000000000000e+00
0.000000000000000000e+00
0.000000000000000000e+00
0.000000000000000000e+00
0.000000000000000000e+00
0.000000000000000000e+00
0.000000000000000000e+00
0.000000000000000000e+00
0.000000000000000000e+00
0.000000000000000000e+00
0.000000000000000000e+00
0.000000000000000000e+00
0.000000000000000000e+00
0.000000000000000000e+00
0.000000000000000000e+00
0.000000000000000000e+00
0.000000000000000000e+00
0.000000000000000000e+00
0.000000000000000000e+00
